26706
44632
41131
29826
16737
18888
18178
38665
9748
7717
19921
24006
17829
40482
42224
12814
28331
42290
47248
12171
33328
30242
24285
4785
15730
4683
9608
53152
44723
8991
33859
7165
26401
4580
30188
6889
10405
27901
6387
39268
32402
46362
3310
7305
13912
24704
9589
15884
41393
2803
41768
27001
39673
24311
16278
5947
24749
10661
16518
24549
22235
37133
53724
15599
8471
26534
7890
26057
8435
9590
12820
29696
49484
37926
2807
8249
15688
12709
10401
33866
26452
2641
49812
43884
8720
53777
57935
36456
34812
49818
11377
34640
15378
5038
8092
6786
37695
26797
22179
50763
22802
12224
30805
19438
23194
8909
33055
16917
34094
49492
12715
40970
21193
26612
37698
32744
48372
17953
37686
45618
39802
3170
6046
3253
43577
22605
15721
43353
8978
14664
21112
23955
1789
14489
42026
4075
32572
6821
9610
17158
13397
9612
38543
35053
6029
4916
22492
2100
13356
37774
24118
8026
51438
27158
9087
4630
34794
5575
24727
11411
58795
19856
29682
16338
33186
12220
40129
30098
35211
34829
5248
59945
38527
9230
40109
11026
8824
16354
13942
35660
49836
39330
20937
16282
18655
3489
22193
4069
9392
51377
37146
22389
9253
24213
51356
5460
33975
14985
10758
5479
44435
17174
24626
23927
23679
19426
3952
6435
46396
39270
12697
39801
41210
16041
4677
26889
44562
9090
18578
14704
39074
13083
21467
36138
15710
20321
35402
23453
10296
12042
44770
28328
2107
41696
23813
3254
22733
41788
7259
20675
21270
5970
15249
15290
56660
19841
22382
37131
19697
9892
6887
8526
34797
3221
4898
22675
51476
51456
57939
11328
19142
12331
6638
44680
17916
19682
8788
23150
12223
44310
35655
58227
5768
35848
56870
5911
10033
40130
1556
5873
24467
15354
39546
32941
31091
7310
17697
20031
33547
37226
54896
22845
6559
24988
33815
40319
46842
57100
40926
20047
32621
17563
28821
47657
7267
9880
2938
26522
12178
35181
23037
5600
7173
15224
47320
8996
8858
19465
21180
24178
24631
33066
19835
18718
54986
1963
6805
33295
30956
38572
9416
3824
23901
43381
41460
4467
3641
10815
30920
35578
25473
6319
2102
11672
29669
9726
29795
3012
12233
19352
17740
4682
49821
16468
35579
43487
1611
17715
2362
29576
9563
6389
9599
9126
14732
2541
13464
34643
40923
16983
22981
32423
24129
32736
4774
56412
19319
5371
58500
50729
19653
33194
3223
17189
15624
24700
21264
14041
24300
11280
26930
4266
33238
22246
4480
4485
38562
21587
36047
13128
31554
8087
34165
30415
2192
57510
31217
22241
59176
5409
3997
9378
12742
21596
43345
41762
13228
22398
21373
32597
31097
29611
3586
6421
48365
12605
39718
10430
43475
4163
16024
6372
39076
10017
53264
7038
12659
11977
8289
59118
1805
37129
23675
38561
22248
17565
33646
40457
33283
11414
6808
22580
31125
8828
8535
10772
9603
26159
31133
4045
11706
8740
21113
53637
17625
46387
47177
43004
27862
3607
33710
16020
3688
51352
13108
29272
43298
22177
31691
6054
9605
49506
7056
9270
32569
10630
34749
23500
23672
53757
33767
32278
33065
5710
7635
5586
20181
13335
24933
9617
22543
40696
57139
8952
20310
9169
14281
7202
41466
12723
43299
46352
34119
27181
6464
30908
29835
31332
22153
34751
19601
59885
10403
16232
1526
11912
19192
46380
16411
33552
2494
9620
33830
28506
6616
33846
37687
16332
11109
3822
17356
19599
25412
22871
46852
28609
16545
31287
50762
28662
3950
15696
38522
37263
51414
17999
12914
5589
12285
32485
33235
30202
36207
33495
9209
51444
34031
29283
2700
49830
20368
16380
19132
49802
7317
34734
12182
39800
6152
38750
9054
23210
44502
28519
4634
43702
8988
22385
34089
35447
27936
17826
45982
54739
30235
17178
9201
7120
16455
33184
43043
40768
15154
39907
10278
31142
17665
34575
22376
26885
25585
35186
23072
34542
8089
2833
22886
18327
26544
9733
15719
29275
22484
22524
36239
37161
27149
23853
5992
9484
6728
57161
2095
32943
34199
39341
16281
34594
49242
27908
5978
28817
44882
13162
18740
29636
26819
49509
22849
17043
23186
4578
43640
31350
26957
12825
13136
34828
23077
30200
4738
33233
18742
15850
22381
9494
5723
38780
19414
12488
4046
6560
51497
26596
41769
22891
29228
26825
24853
15883
57488
18869
10774
11032
17758
42125
17155
22490
43893
15983
6517
40258
22316
40769
35423
10778
26050
57504
12510
38401
33850
45775
15239
2118
39806
15340
45865
19592
3258
23539
41450
1927
38536
22167
7719
59127
5466
12385
3471
48387
7256
13114
26821
5129
3340
11845
11972
32437
1920
58560
50942
13368
44821
26602
3241
20936
59129
3239
9061
3837
57947
1833
56414
9419
25235
41594
5714
8452
9381
27265
6974
19861
21727
18402
41744
47096
11128
22472
26597
34793
13923
6510
10256
57172
2728
49462
11233
11445
39292
8834
17744
5050
16533
47122
40487
40946
20792
44778
6129
12533
1547
13450
9029
57484
46395
13666
9092
8801
39492
19353
19313
7184
2800
11877
36082
42233
43923
18486
26684
38785
51440
41008
25715
35428
6641
18744
22734
13940
59935
44190
32389
20793
20035
56658
26599
26677
2820
13299
14555
16228
16389
5315
8955
20697
12807
13963
11111
13367
53725
9685
51415
11965
6653
50761
31049
34460
35537
39804
15087
7802
18753
9567
22982
8857
17927
35539
34631
9015
56665
58226
46411
25011
15242
1832
43517
32583
5402
27020
5983
13189
37682
25528
26811
19336
14694
10037
11455
54542
18906
5771
11974
50950
19851
7308
22149
14760
23052
43921
18651
11246
41359
5480
3804
12420
7773
14721
30795
22862
57817
36477
6596
14765
12241
8727
41590
5395
34750
15716
16164
42997
13904
38823
35267
58327
12922
22815
13938
4609
40783
9779
7724
4132
19117
8891
26804
4482
32648
13319
8773
32870
14343
34721
2720
39735
38564
17710
9576
18889
40400
17484
13741
26891
14108
8450
8863
15134
32742
43925
13678
59297
26047
10631
26992
43297
48371
3831
51403
14571
24663
6497
29280
37699
17934
24925
3246
26601
24329
24252
35427
58770
13976
7133
22500
8944
9244
6444
3466
6360
6954
5684
15464
8825
20897
34149
34030
18509
8937
10819
18899
48536
23942
53872
1964
19668
39629
30244
51854
11318
44705
43001
26996
47643
13921
15316
19723
55785
16729
10293
27918
11310
13248
9529
30608
10097
7741
49234
19425
17041
22651
27212
46101
26615
3167
18489
5484
29248
46747
7261
47493
3570
35185
15069
35197
21129
3366
33966
8969
13217
22786
9116
23296
44560
43639
47431
10603
45866
13648
51398
5011
13974
35703
11468
44763
50276
31785
3507
20209
17911
19575
36460
16275
46846
11116
13318
24921
17530
4818
22103
7700
8083
39289
15674
12888
8245
46743
26995
26665
4332
10093
14126
32506
22858
11836
8308
43045
7553
13732
9501
22704
12492
4477
40046
15579
34155
8723
23887
31627
16543
33268
31429
2741
51435
4536
3594
13980
9632
41591
32729
6539
9754
20894
27155
24995
4564
17733
1610
31440
17034
6727
25464
26907
7748
7542
20945
6093
38505
9146
35665
18877
13444
5778
6617
5374
27436
13843
10382
29184
17976
40375
21437
38979
1545
13698
4896
1581
2817
44655
39654
43000
7779
38399
18921
9526
39249
11114
26150
2830
40742
22958
2988
8265
17046
35713
6443
35465
3250
36478
13736
26829
46338
25969
32419
33260
13112
12821
40788
28316
18482
28321
26315
6852
43224
16404
13130
16233
44803
3689
6797
4027
9768
8898
41454
41000
41385
51401
7601
11835
21179
54544
41348
26786
9669
44712
34826
11386
26058
13301
49407
42178
5040
17163
13413
6879
13198
23991
53785
17167
34854
11029
14576
22703
16504
13118
12663
47495
46807
10126
2096
20677
6598
57518
39976
11119
4491
54987
14025
12275
17955
16050
17556
3154
22713
7362
38319
44657
22319
6777
7887
42027
9237
13888
43365
9395
54226
1623
7262
32507
21122
12828
29292
31971
21055
44198
15927
19732
38569
44200
21165
4556
11336
50957
46082
10183
10611
33554
40025
13195
22674
8821
12706
30411
4550
26682
7207
19331
16988
19872
19744
16135
57511
16445
26661
5979
40359
12024
15317
31941
32403
41595
10748
36469
39012
6149
3631
18881
17843
25422
11081
22365
20169
13092
39792
14781
13350
16365
12357
4616
32587
13722
39493
28140
37770
29065
16623
46962
13994
43523
5794
9772
24547
15620
40281
30918
30262
15893
11481
4667
5320
17172
16387
13331
24307
6630
10155
42990
28500
48095
17898
24609
3665
7966
5049
16918
22725
16617
28473
3220
5899
7164
41837
5425
14559
13339
26793
51498
40751
38286
6002
16505
13877
4853
13343
20247
13068
7194
9462
10423
51487
11399
24561
35695
29769
45578
13979
14779
41215
22196
6752
6147
23817
24918
24992
36066
5988
29692
22830
48516
9782
31607
34083
31329
36512
13960
31980
11929
31101
19703
2119
33169
47224
15231
44732
19810
44622
54543
1571
37558
16818
48395
20729
15387
38478
13874
30196
9673
46107
36133
12189
20326
13370
26533
5755
12033
42204
19195
33994
18674
57287
27554
12984
5538
3181
33174
51367
7180
49435
12936
12326
20060
32447
39849
51428
54073
49485
13196
20199
5975
40992
50963
8989
8941
31434
16271
34465
16664
15998
16353
40317
8844
35663
48101
39988
5906
5346
44582
1918
9441
26105
23839
35705
57477
7878
5777
1831
39412
2238
9815
15590
16136
9438
12897
3312
22718
31147
7061
44585
43565
38136
13535
2701
24415
46326
34579
19859
44773
35686
37223
39993
12311
14200
27026
5024
13311
7697
57173
12520
32815
14715
14051
8081
41386
16047
47088
9380
40668
22888
7313
28514
35556
16343
32950
58333
22098
13685
10498
15410
20203
11413
8838
40971
4668
37249
9064
7830
4077
57288
5694
18649
18405
8462
17649
19867
9425
26827
38738
53365
2225
34014
12282
32592
7188
39663
23207
42520
36222
4573
4472
12522
40051
51755
20016
13913
26370
26585
11439
27027
24720
13927
27232
17913
20953
36139
44396
57294
3493
39878
44913
57125
10012
41405
11311
30955
9616
1785
39744
4628
13074
14521
51446
15073
16032
34164
17179
29572
17027
42122
41870
1641
1542
51380
41755
17815
19473
15923
12242
3251
16608
25564
1885
4796
33655
35436
32942
14734
9162
13183
16071
31476
34580
14286
50953
29268
1981
5238
9166
37731
34653
4732
18000
34817
50708
3256
9105
18757
39780
39953
19700
19466
44756
26048
25479
44777
30906
11937
7704
13072
53438
31611
41457
16442
51420
34152
19879
19009
42042
11693
7587
9019
33179
10793
25404
1917
33972
50701
41028
2224
14669
31978
2742
42221
14776
26526
43422
33758
18197
15986
13527
17669
29233
8164
33753
17168
39880
18406
58338
19350
11520
12722
26657
6859
45981
4019
3011
20886
24457
48107
28456
7617
23800
29178
23886
16048
23123
9132
54728
15881
17165
11236
26424
39980
40458
11373
26955
26361
7712
6432
3975
36229
44627
20019
15071
9024
12927
4913
10335
13514
26524
5532
43701
13242
22191
19406
11404
29286
3546
1793
23199
23079
31316
17950
49813
6042
18436
5641
43544
59016
34822
11279
20057
39384
38342
39670
10324
10492
41939
5362
2717
12368
19635
18561
39738
57281
12982
48110
13283
49653
8266
57529
15272
14048
26163
10186
59119
20369
48490
10255
10169
34092
1976
50423
13728
49834
23890
31966
31339
43631
21139
43566
5904
54252
12045
14563
5896
26606
5985
9186
20137
11829
44752
26984
3640
4143
9461
46379
38966
13675
12428
16157
11841
2233
2286
43301
16394
32740
35466
37997
42270
46269
8588
46839
9196
42137
40779
15736
6378
22709
43918
6674
9717
57286
28660
30954
15144
53723
8300
38982
51316
17813
29031
15679
57133
15890
15018
37560
23205
16516
29813
26666
12374
31093
39685
5958
49473
38670
6501
48376
5111
38538
49494
38946
51397
43477
24927
14933
33247
51379
9256
33772
28613
35725
32392
42250
14723
15292
14321
7048
26396
41840
57293
3236
22838
13051
7575
4148
2097
7497
47197
24993
25705
23938
36065
10747
10190
5525
34574
33264
18520
14746
33193
10788
18868
2501
48513
42093
36459
19838
18538
22680
29276
5450
39944
17956
59012
2050
15505
6520
11301
25417
7137
19948
39300
48108
39678
15074
28503
46099
5268
34744
5289
8817
22952
14937
9609
5349
5319
15012
39686
17050
3660
57115
35677
12912
56820
13392
57030
15457
50955
16814
4831
22102
23846
46800
32948
10158
27184
45577
14749
33649
4903
24408
11262
42264
24112
6979
9204
17971
15625
4526
3456
7316
15681
38335
3736
4454
23033
26686
15852
26539
28635
13725
7199
15514
13328
6458
4904
17645
16920
46963
28460
53228
11919
5996
8856
9601
14688
31207
23032
13744
20193
23091
32395
40131
52547
4637
6448
48535
29664
33999
12869
12360
9752
5534
34754
37797
6408
10363
4268
8189
39811
7059
33642
21590
33147
40424
37185
3323
36429
53361
29837
46328
19325
39974
26169
24542
9443
15323
49826
44881
16517
58153
32444
12606
31660
20804
8217
13224
4514
11372
26075
6145
42034
16536
5477
8737
41994
20136
26631
22968
39810
7396
2114
10088
44309
4689
5754
7736
22664
27175
59010
12925
25468
44581
44197
22204
44669
16908
27602
16112
24101
48462
59177
58498
38502
15598
29829
50376
3304
38325
38744
57290
35214
16179
4466
23943
20874
26092
15251
47087
29192
18414
16358
10804
19419
35930
5296
17841
29176
22870
18481
7307
13388
39616
12032
17151
9650
11367
43527
23200
27148
43912
4569
13443
46118
15409
13932
22648
4492
9263
30212
8979
41144
53735
13352
15375
57105
35826
10746
42133
7833
35462
23877
13066
11294
15371
14130
17952
12850
58800
31692
4028
43581
10352
7328
22188
10674
2168
51400
28655
5788
6519
7167
19845
41866
17667
14720
11442
3252
19870
38131
7174
41298
54523
18170
34079
20165
37935
28455
8258
11380
57089
56843
17946
50733
9602
44579
39851
27559
26556
33766
10303
5683
12239
40990
33178
8840
9403
3294
5136
17692
23919
29257
13907
8432
29840
16059
9492
26320
9167
12500
58336
17037
12748
27553
37693
15714
22671
22589
44765
39981
6661
19853
15300
13928
18494
13902
15718
10795
6831
35215
4851
11708
11351
20372
19394
57470
12661
5689
15866
30638
10805
44945
57033
2163
25539
13757
10620
25531
14673
20198
44661
7093
13354
6521
9331
27263
32562
3971
38560
22165
26259
16246
3235
31639
6350
36142
34088
8973
58007
21116
18880
39752
8793
12905
42995
20696
20188
12908
7091
51442
22816
34037
7200
8634
27169
25415
54535
7422
2744
29625
35191
2261
35523
6647
6178
43531
6469
34862
17909
7728
30112
21583
24817
34756
16791
29123
32945
33200
41771
20201
31454
18488
35182
26915
11288
4120
20790
11416
7312
3918
47654
41789
21157
21435
39595
13231
41077
15981
32759
41960
15238
4495
23191
7797
6402
38333
44517
25444
19436
27911
16550
55627
30796
12711
15520
40467
17957
9794
12948
15226
17700
12251
34081
8904
43473
9141
19817
26810
22867
50743
24687
8180
14771
26609
54533
9480
33690
4982
12506
22579
36687
13998
26664
12490
9594
14731
17650
35661
31047
6180
39669
5875
38285
41845
8829
10775
39651
6477
11274
51452
47247
12961
17539
2226
12213
42275
26067
27863
43546
33714
37957
22978
36048
5951
38288
4154
37256
59887
43699
46367
53747
7426
5933
39274
9662
51351
19191
39386
35680
17723
14517
18901
39674
7176
34732
51585
33057
9977
13258
22892
9119
19678
34753
29690
4145
2191
30459
39657
2702
48496
12238
2398
13103
34654
41446
1919
34839
43915
18433
47089
5240
13327
7523
17963
36215
41159
25711
32479
4552
43033
35958
12960
36308
10489
13763
3636
4918
12327
59882
19815
6671
25471
40927
5582
7208
20447
53436
11309
8076
40746
5126
19116
24286
18764
13373
16333
9628
6861
49354
46808
23834
15899
17704
43642
15644
9658
13075
23936
36426
34513
34470
42146
41991
44660
41442
14380
13186
26888
8441
16510
10127
42024
11930
39387
15970
11040
43070
39636
15717
46399
4734
18912
6649
54730
3506
57130
31209
49956
15361
38940
8949
42256
19699
41439
30947
4511
7896
4593
54516
13738
49816
11072
7774
59938
11043
58807
10082
42199
9495
5619
25418
26913
37753
11441
26985
24848
29570
39956
14678
15222
5883
16980
27909
6768
13087
30106
26523
13901
41791
13911
8735
49651
17557
2112
20144
41459
15070
55623
18320
15976
16449
51485
36088
11702
43081
39828
57469
15507
38818
30148
27208
11125
14668
31164
4445
34085
28822
4142
7109
12253
22234
32191
46400
41862
39510
11434
12992
25493
24327
37776
13077
34573
33488
8903
10598
25575
29103
13209
36228
47182
12712
48104
23835
4170
22105
10626
3968
22857
28630
15025
9902
47245
35386
8222
31218
10765
15963
17164
13073
16611
42138
5372
9606
42126
10599
35712
13743
54993
4606
17742
31092
11147
6010
19588
34596
48088
35710
33308
6059
20837
18920
25466
1787
26425
39306
40472
36448
8439
52157
19943
6657
9202
29288
17569
33741
43383
5347
20161
8984
6961
11856
3651
14342
8150
39298
14745
19354
11401
8759
22380
13740
4685
20138
4173
6454
5055
16803
4470
4076
25572
2716
22407
41444
18536
36440
54732
6544
16544
1758
44564
54202
26595
15891
39734
40687
49356
2555
42276
46895
59444
1624
41610
18195
43922
26529
5020
26905
27892
4144
15692
24324
31024
51426
15713
12730
37673
40749
26879
6138
40969
12037
20005
14737
20176
39684
16539
36834
29568
2584
5431
26536
11242
11097
7206
34205
11449
11324
11106
4276
39325
3674
43619
8967
4122
14585
24323
13649
49470
58793
18644
18713
4657
49434
13833
5003
20919
9796
44912
13237
36227
44914
4592
5301
39728
44511
9708
32174
38524
12008
37916
15140
20207
19811
16905
15301
29266
18733
14562
8965
37139
12387
6609
1636
20695
45561
12824
12175
19988
38328
13348
21022
21592
19839
37240
20888
4828
39826
2577
24114
39630
42231
33307
22608
20805
39874
3647
13383
36727
39260
5963
13997
5390
53435
44724
12260
51408
6783
26139
11707
59894
26043
9883
16385
20796
30797
8448
35426
4928
30923
31302
20887
18363
35714
26831
35237
17825
24417
13784
57497
6167
36754
10477
4731
53783
5394
56765
27560
44402
53362
20707
15645
9651
48384
27914
26555
21185
37248
31023
4680
5577
21155
14554
13688
10014
44213
54924
47223
57982
39781
24264
27566
31973
36144
8167
56656
5022
7769
50759
44516
7703
13748
12823
47106
6682
57117
35931
12177
31957
22970
53226
39631
33543
7824
9152
7198
34748
38673
16367
43079
17961
38676
9053
24216
45980
27210
3649
17535
39794
44738
11107
30189
13920
14029
24928
5027
6588
8513
29274
26902
8078
32588
35647
51586
44678
5366
42225
57520
13414
8515
5470
4462
57029
9802
42215
22403
20710
38771
12321
25034
4487
17493
14575
12319
13165
4021
7246
4740
20704
11067
33292
9621
22236
41988
46799
11295
14565
29313
6515
5266
37750
23878
44533
6154
14778
35659
17571
40778
17186
13302
15406
21389
4597
10354
11265
3259
40304
19720
17827
12954
22242
27170
22606
57198
3569
27178
58329
19947
5744
19600
26894
16907
39947
16334
12880
40686
29571
29649
19243
12316
27550
41508
6668
31032
15013
36086
58515
23837
9463
26126
49355
29689
5905
11851
33858
30412
27913
28450
22495
57527
26613
14330
40394
3695
43568
42561
46284
37919
59122
53875
9112
41583
40144
8847
39737
6537
24312
7147
31947
39282
43888
41552
34849
17748
7082
8968
31177
3561
7107
49245
6052
26587
24832
5019
38774
35439
17560
57490
16147
3498
9720
39877
7603
37221
18317
4815
13105
23053
25004
23030
10351
17190
31942
18196
16239
55613
54520
5921
6744
5635
16140
35984
13203
43032
34634
15908
6632
23298
2987
32516
20168
13321
7731
33329
15113
35673
11428
9522
13188
4939
7511
33843
12666
9447
34252
12515
6956
5393
14700
12959
31976
17572
21379
14637
41435
44720
34010
43488
4925
3962
14573
12978
7576
3907
29169
9793
6594
16344
12475
8896
21728
8804
17818
7171
36465
4852
4588
13975
24100
18667
5909
40421
49957
4499
29074
37761
26991
59939
5869
53879
44663
15900
32495
42132
5606
57123
1587
44227
12019
23911
14960
43881
19666
34648
10381
27598
40933
1604
9738
40473
28463
57896
40198
21177
28790
5397
13214
29262
8456
25578
41787
24555
11354
15304
22112
26814
36438
6736
21020
51406
20699
9591
22860
8839
3949
4447
26688
13689
47633
19903
22182
20061
46903
54736
26586
29122
9133
12885
33826
43072
44577
17575
41877
18403
43587
12611
35704
33051
8855
16060
47492
21567
46084
17824
39380
1842
20350
58229
17628
44412
59892
26908
11754
5241
5571
24529
2504
24414
12867
24184
13192
41309
11033
9153
6394
14758
13365
7122
15280
36435
8182
29032
23962
40256
24302
53743
50731
6554
43378
44425
4483
10260
44549
39294
36946
33257
26090
43335
15258
10177
46262
41912
54731
36206
15693
26107
15223
26837
7594
46100
32558
6639
29655
57150
29287
59295
10639
6788
33687
5677
2358
3582
17693
12839
5908
25868
39297
13657
43306
37771
8451
12176
19646
15728
13449
15109
4952
5537
58337
23042
37794
43538
59342
57898
32182
19440
8374
4676
15587
39290
3559
4157
11850
19134
5218
51402
9604
11704
51503
44674
12001
34736
13132
8877
20152
9619
11532
7092
41001
2483
43231
28600
58334
31558
43375
28451
51857
10685
11465
26696
42043
58802
39414
3956
39743
22180
39287
17495
27260
23187
6557
32567
14658
13372
19712
17707
5458
27440
38664
16379
22689
22847
43042
36423
4652
21744
7931
32449
19604
18416
44192
54088
58325
44565
37732
20799
34035
3177
24202
24256
10475
51509
7364
20175
8299
44693
8473
9018
12987
44434
10429
17984
31014
40026
20210
41598
58011
12292
25541
58148
7631
24662
16052
43539
26620
59324
10512
41785
26969
6651
17056
5929
11861
5330
10801
40692
22471
16619
3457
14055
46732
37684
7119
33775
10257
20320
40035
16909
7066
27264
35649
19676
19123
27894
59013
9069
23502
24770
22711
11058
12989
49239
13199
29289
23540
31972
36729
15299
13484
15861
17029
47125
54530
44758
43914
1951
5924
4835
7263
38994
42268
25526
12955
22584
6067
41356
33167
13216
10259
5747
29848
24712
4902
47119
25536
53748
28628
2133
9649
22720
56410
29639
41404
10743
39489
30147
8974
37765
39761
58332
15741
18173
13336
12179
42986
15152
6131
16376
9164
44407
27935
10632
19871
33857
23961
8501
27878
5400
57191
13674
6474
19866
9415
15678
10816
5375
41424
31439
15014
9911
39483
21095
29034
26563
52117
13910
9498
5356
22884
9615
8907
21263
10755
3554
39284
29609
24255
5287
23827
26403
41799
5053
3461
9583
19621
41469
22356
13411
32803
33298
11364
8477
10437
44494
39901
8476
5696
16137
34745
47662
44872
16068
4502
17187
17570
18658
7589
16327
38868
1801
11944
21748
8993
52114
5759
57941
11092
33210
6431
39753
2474
49247
59303
44824
36457
23867
24819
40483
58809
9104
22824
13661
30605
25003
53754
39950
11681
6462
22253
22392
19481
3475
46342
26838
2505
3168
9810
15509
57480
33639
5878
32186
11905
44942
4507
38770
10283
11855
15863
34843
25870
23976
34493
31016
7131
7826
40785
5363
22567
39895
5766
44666
3645
15398
22634
16732
4544
6347
24283
35626
45568
42232
37958
42260
43420
33648
7314
12427
4737
4926
43485
11118
22653
6634
3652
15416
16616
10800
42045
1530
38981
51460
11341
27424
21184
52159
15024
8229
38649
22239
11832
19620
14500
15412
43221
26608
24251
27023
42033
18597
18203
11239
6361
36220
33056
32380
56827
7108
23447
46814
35442
13654
12304
32397
4655
33752
5257
9076
53755
34527
21143
23859
32860
39846
11435
15119
43007
33237
26151
13751
44761
18734
12526
44870
17047
31623
40134
11237
7126
17725
24671
28606
26117
33641
39311
3963
46268
14566
22199
10487
18319
6201
28540
15481
39659
42230
13769
23139
4545
7146
6650
8522
7329
28315
36064
48501
33863
2251
20913
39963
3450
5986
26933
33188
13894
18007
20934
11691
4602
18659
2576
33053
37735
38563
35200
14426
19814
10490
27897
7110
44586
32947
33309
5255
25442
19434
11087
3152
6980
22575
19549
6376
32940
59312
37679
25703
25006
13978
34090
9114
15609
3677
47185
30100
43310
26418
4336
13780
45949
59124
57111
4184
13850
28611
50742
6190
12770
28799
26975
58818
12534
33757
6383
39763
30949
3165
20684
6121
9267
6565
33839
57496
7151
20206
8914
39991
32517
35180
27905
19127
30107
35582
22453
31175
16456
17846
8587
43916
17483
34642
26149
18420
59439
32814
15028
51752
14695
48398
10175
3459
2737
25453
10023
38523
4018
13229
6848
3303
53751
15047
27186
29708
8463
5964
8303
29616
6864
9191
31422
5360
6637
43891
11945
33316
15369
37724
4522
13207
8792
42998
9151
45965
35213
17580
8314
53444
6217
24290
7028
15362
13117
44426
37744
7968
37795
57481
36050
26157
29264
22312
3673
6428
9521
36418
53741
21181
14128
48062
6198
11692
51395
11971
26155
1635
45976
15265
20139
10760
5974
13867
19305
2498
47232
49486
22174
7395
17906
23977
21418
24419
18898
39970
36136
56816
28633
20951
26390
4468
35194
11369
11722
33847
42206
16409
8865
6087
9125
18332
15243
9117
3826
42020
14335
17552
19173
16251
3587
25454
26871
13129
9330
51489
11964
8262
9215
26662
14338
53883
30241
14505
40741
28794
15414
49461
9131
11868
44561
40320
48514
45776
26368
6094
12920
4517
32251
30793
26064
9000
25440
40285
32520
16469
19728
28313
22833
6631
4917
10647
26788
32561
42130
3790
26654
16982
12043
46801
42242
4169
15738
37730
22487
4645
44726
20314
14754
36461
9323
51365
14340
51322
23808
15858
39782
3162
11911
12753
32391
7104
13486
53878
26629
9254
40748
8191
9130
5370
4497
5456
58495
10052
36240
23814
15726
23809
9493
15466
15467
2634
9771
44616
10761
11355
53215
22250
14326
44642
31644
5359
11162
17905
44282
35658
38658
49481
13854
3908
27253
20154
43373
57482
5846
33259
22354
18675
49809
41232
1841
37727
43552
10810
10742
28320
2220
46353
1622
17416
15365
42025
14121
19927
48507
10095
24110
21436
16476
4135
46894
19206
13202
34836
15748
13312
6969
24544
22095
31123
9252
17648
54070
22668
31292
2963
14989
39640
21741
32730
8964
16341
5922
11676
43002
24629
4520
12716
26986
41855
26045
27231
13050
39771
40496
4498
49837
8446
22351
13241
34147
26317
18922
41172
22203
9451
6518
14627
26808
32944
40128
37159
39107
17659
26592
8161
15358
40432
15702
14703
53750
54078
1608
18326
5971
3608
6447
3563
27164
15302
9659
44193
34521
37164
14739
19304
53450
13988
23141
3550
17181
46798
8738
16130
23120
7778
8798
26073
22732
17817
20921
57980
13973
22739
26916
13405
20211
3906
44401
12696
12244
22735
12983
11960
59055
3488
20048
12339
39881
6734
12692
31945
7144
17548
46959
8156
24111
17962
33860
19328
34818
23999
44772
46258
39943
12669
8546
31122
11253
5473
18193
5923
13313
33239
37766
57824
25542
39785
49639
43241
35412
11949
12754
5943
50375
22662
23865
15910
5239
5103
16521
20939
4026
33823
43052
34161
32746
13359
19680
4274
35444
14308
4935
38534
29628
26546
20214
4848
5590
8352
13308
26952
16603
5611
20706
36442
16114
27534
17192
43874
18886
28807
19727
29684
39672
5340
28319
13259
6676
51600
9347
26256
25565
57031
38945
5357
23855
6073
16511
4619
25490
3965
31684
9179
27876
42144
44588
27855
11926
4174
11914
44500
9255
39319
13964
10404
17562
5013
21021
8152
26864
6673
13898
19118
36421
15902
18324
21863
11057
13340
31099
33280
25423
24639
3656
9342
6006
15372
40750
51393
4927
50705
14285
57936
16812
39886
15749
2235
34038
59452
12273
37998
19413
25475
25523
16470
12422
21422
28806
27854
31338
27214
9643
53881
34584
13919
7255
11632
17032
12296
58561
17770
53779
6140
19925
9072
40695
59190
44676
15621
27262
42223
51405
7772
1892
16971
51363
13403
30639
26453
13190
5934
5980
22817
35668
38549
22723
41990
57946
12000
47235
25462
39719
10718
37559
41234
33696
15287
13781
19679
58328
48460
45624
19696
21419
3666
5984
9635
12670
46802
39769
39701
47170
22827
5901
49629
26083
7201
38130
9187
2250
22372
38740
14938
34568
30245
42228
4826
41695
9660
35690
25879
42021
13941
39639
34636
26689
20185
19125
11876
22590
30651
6414
43242
6295
16220
27562
20148
4856
37227
7098
12025
10652
3186
26640
43957
19369
44735
1648
32555
14456
18318
58394
4338
50741
44521
34526
37186
38863
41999
38748
32946
9581
29258
56845
13521
53449
39992
4924
19900
57483
4525
46378
9058
5125
31975
17928
2730
6117
21476
13703
9950
2111
35792
14310
59941
21118
13523
4146
4590
13875
8304
11475
16196
42562
3603
39071
10482
19907
19909
9792
10658
22405
41764
31340
40776
42181
22650
41776
14333
3564
14303
50962
59120
3454
35674
50750
41767
26551
20130
3675
31219
12952
8376
20376
31018
42115
31050
41607
22571
59349
11846
39967
26607
40323
41004
17633
22491
35192
47240
19012
57471
18878
13922
21111
7557
12919
46087
55615
22353
19606
28638
17759
2383
20322
8899
38326
3619
34028
7889
50710
49808
7327
43232
36147
43041
44460
13394
38811
38992
9981
56850
35430
26805
3467
51226
21248
43315
10803
3237
16460
9474
37791
48510
19849
26931
11345
15331
49828
29778
11999
4504
5107
47229
22161
9524
2187
20705
32573
37265
18890
5868
44786
4636
44709
16906
12891
25714
3667
12923
22186
6310
37209
9588
35666
50944
33744
5364
37197
44231
4130
48537
39013
4912
6853
40468
33213
16924
8895
1977
39979
59133
2222
32564
13651
8731
53366
15925
51333
2558
20825
6550
40111
41819
24493
14518
39820
31028
33653
37736
43474
26531
44755
26799
39314
15267
14777
25537
6465
35446
43249
14961
10756
3635
36221
12826
5955
10425
37798
9426
16350
13995
5414
4074
44539
36063
17150
10813
10623
17547
24875
15929
13943
30637
9073
23793
8940
12913
35702
6003
20183
42595
16546
44768
41871
35198
39803
30234
43569
23801
13079
26557
57066
44520
19145
12717
38329
13355
37680
26545
19348
19906
44779
5258
26921
13697
15117
12216
44446
22160
12257
51431
8214
3610
14584
9265
11894
44522
5228
40383
41961
33764
25527
8843
32949
26251
21598
4501
20355
40416
6017
32554
8913
32430
53372
49362
8754
22828
40419
51434
30255
15232
9158
39884
7102
5332
17551
2389
19878
16466
41601
26695
39790
57832
19141
53439
4016
35184
11931
9200
24068
33498
34827
31330
15330
23088
30222
12881
20127
20373
14129
40318
29253
19692
6357
37789
9947
24548
43623
9389
51610
7080
47644
26873
39628
6900
13759
11102
42091
44537
38647
13065
33266
40309
54800
40108
15485
22800
2134
15311
14690
57110
41865
11315
10433
27207
44766
11849
57514
17736
16443
13323
31088
41436
34034
38243
49419
17699
7393
58149
18438
29278
6415
2967
43576
10308
15994
29290
2099
20794
19241
43037
5324
39900
23196
37813
5043
32865
19174
26515
2380
4440
44568
7956
22731
8181
42984
16187
5730
5396
6446
1827
29657
57128
58143
25450
30215
3648
22110
39721
2094
57493
16734
16208
23937
20841
14557
7812
32620
19338
23140
23095
2128
17947
17568
51417
33755
40434
19882
28471
43379
25857
9706
5471
8882
39269
9136
17160
1731
18656
8490
16340
8734
13533
41596
37767
8499
5916
44658
15306
25533
15628
24284
35421
19005
25865
29174
24181
19324
12023
35676
37208
9077
18307
47109
3213
13680
17986
40754
8912
9618
6779
40286
23144
11012
8859
48521
49495
22468
36130
9402
47456
26878
12354
13642
32456
30951
9440
4571
33977
27919
14322
15240
21425
39338
20163
24326
6452
40793
17660
5355
15252
5969
6795
21259
20179
18542
14117
9799
5673
16819
49233
11100
17653
33965
30609
18867
28472
4894
38132
20021
10154
48504
19607
48532
51754
41445
46910
16806
11358
18418
22151
39104
44816
7117
43521
9070
20797
11816
15720
34050
2167
44501
18490
38343
5361
41888
3212
12699
47673
7040
26618
29187
38336
18741
16548
29314
7191
37779
8231
59833
12985
22911
46393
40301
10176
38671
43372
26803
3805
13104
32420
16483
51433
7683
39225
26617
1999
41443
36422
5674
14522
5000
44745
8166
17746
32383
17028
7156
9115
13330
29240
44783
9640
4340
1543
24421
52098
25477
18162
5580
12909
39816
26965
18550
4567
16610
44811
15220
24711
6184
8994
35694
31334
26614
21141
27922
39835
21091
53269
40315
19311
16731
55597
7071
44238
12973
30804
36693
19667
5104
12852
13549
4742
44938
5709
48509
18721
33249
19615
39340
18714
17838
56663
1784
15496
13761
12305
9646
9235
13315
43486
41079
45594
13463
14503
9260
22694
37778
19340
17709
13134
43688
3798
18677
4585
13347
44925
7321
11063
47677
7486
10809
7324
18882
12246
22853
4342
39882
1621
40420
52126
8942
40784
8488
59185
6784
38532
40289
23863
9852
33841
25887
36414
17729
17169
34844
20831
35933
17706
14986
44937
58808
18478
44201
17967
16045
52115
10144
43229
29073
13182
32644
29072
12505
9346
41841
41971
13381
36479
14756
5940
14676
14519
42017
5379
18918
54192
11446
19663
2579
5519
16382
49490
57495
27928
10431
21571
43348
15585
8514
16069
44411
33831
5406
45963
11865
15732
22101
17814
27939
10762
21186
23096
8871
28640
40760
5939
26122
12038
9014
23819
43959
9219
16172
12759
16910
59827
26904
39758
38786
10649
16029
35664
21431
47112
27003
38501
14304
24525
22688
42267
44748
14988
23401
15740
38646
14702
33146
17904
55618
2211
23882
32951
26703
11285
43875
27206
13294
47100
44782
18891
31231
23119
20167
46859
35534
37722
4621
41846
7547
19868
10749
12324
51429
8990
5953
40415
6114
14569
26603
26519
5919
5775
12173
5405
17053
45582
32649
43421
24858
18904
24089
23931
4531
2511
23821
3958
23806
39727
10613
15230
20184
44206
2264
33163
15310
26924
46365
40928
13070
38568
15888
17159
46412
28626
22681
38749
20166
35685
13390
13690
10481
2497
12338
55616
11697
39215
53635
32382
3591
15982
50754
25025
16134
29701
46083
22696
11335
15285
39829
14514
23300
18665
15235
12474
41437
12184
11674
7002
37757
13915
46861
6735
29075
9129
4920
16027
57102
26527
41003
13208
44548
52097
7309
15374
36049
3957
9385
52164
22736
42028
16985
33542
44746
8818
40294
57992
15314
9050
40282
3836
37103
40478
16815
36741
18176
8939
4809
22237
29242
13446
24996
39299
15558
41779
10011
24104
8900
50735
23888
42019
4175
19674
19828
22841
39817
46289
4574
12460
16529
31121
44509
37745
27002
15086
13121
49637
41009
9122
44293
45959
44667
20170
22510
16021
5468
16035
11847
58562
28605
33491
35501
19688
12040
41872
43300
2552
37206
42565
30248
5342
59942
2165
24649
34118
34832
21261
39482
59893
49371
19908
37746
2636
43887
29165
41310
19713
15672
29007
22247
3335
31624
27921
12286
40925
2394
24526
30251
22874
26532
47174
18427
40667
1791
50765
15221
11916
36730
41773
4949
44767
56844
25530
37581
39958
39845
2510
34838
5464
12945
33774
8220
12036
12667
8165
13537
16923
5952
36148
39949
9647
28608
34003
29841
28816
20357
13461
6146
35641
22576
39328
13067
13871
58798
28497
19239
2564
50730
12679
26528
8814
46394
18008
9269
20159
12258
7121
51464
27622
17567
17837
19847
32183
40381
59323
37726
37737
3509
17899
29706
39276
11525
2230
9060
50757
3567
18480
44672
45864
39544
26922
9433
26906
13702
12953
14035
23840
14076
14512
44546
7581
29781
56721
15396
6597
16984
19364
26622
13970
43528
24702
34831
8760
19171
26136
29003
38659
10714
32398
24668
17035
51462
16794
40993
3654
28802
37692
3580
35573
43924
13948
14283
9066
28804
23935
47168
40786
50958
59299
43871
22852
10675
22386
57531
23121
9573
41945
12968
43585
47099
44348
29838
52539
30228
14583
20379
14483
27887
33853
18477
18748
41701
16412
11472
2363
21256
2385
31612
7636
49655
27217
33746
2540
9652
11145
46110
5345
3592
36480
29635
3621
6461
11121
35691
18181
31668
23862
8763
39216
10157
20956
50753
11161
20931
6425
46348
49497
9478
22642
12889
13778
7049
12532
15671
38995
16393
6406
38864
33768
12217
25012
18207
21725
32586
22701
14346
22591
35177
39955
22953
42269
43484
37948
29064
39717
17554
26685
34842
5602
13287
39622
29150
13987
7195
22402
10636
57101
43629
44810
44762
22249
6442
20890
16975
25403
27605
17156
10770
6545
8848
23845
39777
37733
24753
11346
9147
32177
42519
56818
22485
13929
33296
7205
26807
44566
33331
6341
2131
51459
4270
6386
24719
4943
39623
6150
20023
18198
15513
16515
19208
46291
26605
45943
31222
6621
18306
2994
14122
13909
33062
23031
47640
58331
19865
6802
54524
10635
22352
8380
46397
13864
6419
10148
45583
38762
4128
31473
58816
14936
13671
1591
27874
35383
25492
1619
10178
6810
31110
30640
31118
31643
8162
13363
26990
22682
8841
24545
12222
42996
5737
3825
38980
13161
16113
4647
44437
49792
35441
29261
23206
42113
3577
15897
9664
25882
25532
7549
39876
4451
5620
23906
15319
16797
34494
16248
20172
15880
34560
17996
29578
5900
14123
23843
34850
12967
13240
30641
38320
24065
16031
48511
26918
7039
35262
38567
47171
19968
17828
46089
9150
24528
40112
36954
43687
6867
37747
32252
5387
39666
45970
43654
37178
13371
15992
5618
44785
11917
8780
25894
7001
44801
38974
13181
22409
12431
13721
31317
16019
4437
8785
9636
23339
11368
49787
4624
59886
26049
21434
12274
35382
12971
12234
49480
6555
11339
11842
5219
26914
27542
6312
47236
15357
14099
39807
12698
6460
33833
19641
12986
35720
47682
50703
11334
1790
8489
7139
32574
31564
53734
5760
4543
11459
33751
50943
39545
10771
27864
12704
26658
9483
40275
13754
44764
41849
24686
9421
59834
3896
21243
9059
12266
34835
17753
33152
29561
35403
13236
59304
24416
18006
13387
57132
8851
23860
34646
14526
32190
19593
12536
36481
23625
10415
58335
15703
10002
17832
59944
23889
15685
19939
39795
15225
19661
23824
51601
14319
1654
57116
21202
58013
17721
3247
59311
24199
50663
43322
40924
26809
9404
5895
38743
6877
8736
41458
39664
34834
19881
8147
58231
6896
19662
35268
39990
34514
5243
38334
27174
43584
11105
33548
44216
8436
26994
14510
5348
17830
37787
27625
58820
27940
11064
12278
11052
36427
39301
3249
7767
19842
46383
18602
4670
19640
19316
14114
11834
11943
40043
39259
41597
31959
40929
13111
39945
8835
49475
14480
33834
51486
57107
44424
17995
44448
36212
51454
11941
17738
19826
24692
16966
7332
13314
13782
26376
19905
4449
45781
13681
9497
39593
35174
17945
7605
54919
34060
6153
38322
12421
9648
4117
13733
14931
11830
13245
31687
25538
17968
33322
11408
1932
11343
12519
31688
33153
22406
7727
4955
39730
25482
32384
35678
6400
11277
14741
4555
25881
1978
14487
19844
22868
6339
30802
22198
19309
37742
10172
9566
46344
9102
16203
45620
41603
33267
41382
5962
16062
16374
6065
37212
43647
31791
5617
11443
4639
23829
9128
41426
6433
33067
15334
14735
11957
13849
23932
4662
41822
48512
54989
26672
26648
39978
7699
4576
39643
39952
9900
8523
57509
17173
34253
13460
15737
56415
15616
11164
8797
4078
20025
6398
4551
5625
2376
13992
34630
32192
36444
2101
8250
41002
19634
9113
12688
28651
33236
6456
14523
15009
33549
8719
48489
33645
1936
32195
16719
8729
26142
4559
17912
47183
40352
12926
19585
4900
9992
1799
8730
15873
20869
10113
27903
7177
5960
41839
32499
54521
17970
45488
33289
11375
4529
40325
24726
16381
6659
12895
54280
15367
13215
8516
56655
43673
8478
19928
26911
14556
22959
13351
18711
7807
26641
10654
15968
8774
19916
5949
15745
46112
51741
33541
40773
23818
15895
13547
28659
26668
22850
5444
44503
16974
21825
26909
6800
14022
10004
47095
3557
39831
24253
18743
13846
7088
24606
5388
11148
19860
34859
17412
35675
26327
12720
2361
49496
36416
6646
4741
27860
18908
13396
41381
10336
43532
41838
37760
44733
27865
38148
1541
9340
30240
47221
40934
3150
7714
10342
5774
11415
16472
23959
26255
48491
15007
21750
39490
6623
39661
21161
6855
13122
9027
23847
3624
33661
3797
18962
12713
41376
31210
32738
9732
38947
16810
9135
41357
10660
49815
15680
8458
17743
13458
53445
38332
41660
13385
14752
15690
26867
56819
11302
57062
35535
11690
57129
8892
38653
39819
13862
5631
15127
31552
42993
2117
15512
13662
8497
39733
34825
7775
41944
9111
31689
12856
21599
39985
20873
58144
12994
6854
14660
25884
13832
34163
22400
57292
5300
22189
44556
51318
21173
20129
50947
13760
38327
19433
56825
3659
11113
53441
41587
19477
9174
25484
5903
59454
40195
13897
54200
41831
41878
34837
29766
3581
14107
41861
3832
13206
8195
56770
5769
13959
57135
27900
57274
56657
38323
10051
53729
11281
13753
47234
22846
28923
38552
40295
27938
16921
35932
45979
38662
31950
20786
40456
53367
13309
44731
6349
2109
31673
9168
40160
22091
20674
4923
41973
27895
18965
41078
12187
13415
31943
16798
32448
17052
9001
34737
8494
6629
31783
13889
57166
15355
31166
17840
35700
43360
12523
22570
8722
42085
15320
39010
3453
6799
56653
11051
29265
59874
9020
37190
44715
26128
35698
5599
24472
15871
46267
16396
14000
34466
48530
33052
18483
46360
57171
10820
39893
19573
5052
6972
26820
9386
51378
21381
29705
31686
14334
11837
18400
17176
12681
9022
24670
45489
21449
5462
24664
13956
24098
12685
19053
36483
10189
47178
54975
27907
46325
44703
42271
31606
40305
16463
39824
13170
4001
3638
30798
44670
42226
34117
15090
29029
33279
32757
57297
6368
25577
57091
16972
58511
28599
40068
17755
16064
3615
47488
24463
23941
16061
17055
57082
19832
17993
7090
5688
41848
49499
12721
37102
2374
19825
5229
3970
57095
9445
34098
34525
5703
22208
11048
22183
59884
46390
8981
31301
22360
10180
7822
27626
19119
8948
7842
34249
8218
8752
34255
11240
27929
33996
11260
4979
39973
34511
30602
33111
20713
6830
11981
39889
24121
42594
52557
48500
40481
34587
22578
14661
57487
36432
11684
7491
3691
7407
35209
40792
15561
16391
19650
5572
54525
13401
1546
22855
46336
31661
44743
4533
48063
22609
40935
57069
9025
15262
13399
29849
17651
26041
2137
5047
9807
46334
36231
18567
43223
24456
27567
37675
13168
59937
31653
2490
6895
26093
54526
23188
13863
34002
42234
26076
9452
15041
14392
2122
18439
7799
43374
24187
18716
26792
17040
46121
34008
25256
38667
7089
13375
40772
34508
39812
47196
18885
25478
27557
24743
40789
42128
29224
21268
35936
17747
12022
13212
43534
32381
25885
15123
9509
16357
27861
40411
26091
27871
35937
22900
31216
3630
4104
22375
46884
10179
7142
47244
57141
5686
32903
9423
7713
9502
6516
7578
25421
40385
39887
29780
48494
15393
44710
17734
28657
7029
57521
29120
39009
12039
9638
40466
20212
10115
44421
10152
40288
13289
19551
40406
30190
29030
46111
18209
17409
4048
31430
20714
10078
31955
27221
49498
39644
3492
43323
5967
13102
9476
31648
14447
13745
3605
12303
22882
13903
47632
9208
40771
21158
15504
4819
32187
31043
12333
10444
15022
19587
15885
7588
15865
5679
3311
5678
1653
54966
49364
24721
3976
31048
20342
59128
2248
44664
37773
4131
5706
11953
22164
54741
5614
41307
8975
28814
3455
12277
32176
11946
37241
7044
31208
10110
36447
25706
25685
13682
3919
8192
43913
42218
12701
33745
2262
9435
8085
19199
6772
16535
13800
57295
13731
13679
5864
39683
34593
42999
44230
5942
16054
7852
14486
59443
27926
34847
23899
42015
11818
18738
32407
7405
25875
10355
31635
40027
13406
23982
25033
46845
36329
9109
34860
47117
32504
14345
33245
25458
39830
13656
43641
28610
9240
15247
22699
5373
17576
52523
13676
7895
22251
57479
34856
11047
9259
25420
1577
19743
46844
34577
9466
41433
6613
9532
23677
13395
56659
49372
20134
13285
47092
48091
17974
14691
6564
16273
10408
9470
10814
29821
3596
44313
8197
44551
17644
16547
39005
37784
26319
4638
39888
2585
31984
12236
8867
1567
49641
7077
6891
26243
39230
7370
26791
41636
34516
26365
9454
19876
31458
16612
39852
11342
48369
41609
5352
12018
10079
5692
32817
41535
9504
33964
20678
47243
4679
38866
1584
41346
6014
28634
57467
12765
33644
54991
41352
12724
36466
40460
19687
13402
15502
3833
26843
15315
12297
9249
17534
33250
23201
38533
17626
35586
2098
15373
19177
37676
58496
33828
29575
36219
9812
4519
44583
4914
28326
13737
8992
13353
14667
11482
12004
33546
7190
21115
18495
14743
18161
23143
42237
35187
4786
33192
11956
20813
35188
37729
49650
32727
27202
6881
39320
10156
27931
3374
11250
4166
32556
37959
42134
12671
51501
51364
8910
31141
38767
21127
3834
20121
39223
9418
5731
15642
37166
38142
29317
4147
9903
26704
17720
19129
29229
4278
40435
6468
54742
36455
38528
38482
27624
38535
4625
26590
3460
9195
7533
32497
43567
26459
41585
29808
9034
41361
3308
28496
3974
15722
12943
5012
25021
30264
15999
28544
22109
25713
38156
13785
48499
17415
22349
6898
17847
23934
11327
14580
58497
58008
5814
4572
10792
6982
3182
18745
27917
58815
59315
9633
20928
58765
35531
38747
26065
4562
8776
30207
13857
10125
49491
43355
21570
44569
20282
35669
12424
4119
39509
6628
3296
35183
9348
43878
29124
44199
19940
20709
26639
57155
12437
57940
36449
21423
6663
3901
17042
8826
10173
5601
47238
34629
39291
15972
14493
33647
6163
14527
31636
51412
32595
39224
6640
30598
6747
29249
9391
20337
12741
40697
6467
44202
23929
59296
46797
24452
38545
33054
15112
6832
13756
2397
5407
9719
37254
36224
10799
9333
26056
11840
4103
6708
13110
22856
15723
10300
24081
11864
14506
54538
50422
15626
27545
3558
37973
13362
43354
24420
51505
13836
27152
34496
42023
13316
41868
17739
13858
44555
24411
44737
27572
8238
25710
57076
16217
9096
35266
17850
39823
19130
47233
14892
45619
18208
4584
22784
13668
10791
40758
13357
4563
49635
19186
8787
21174
24103
51607
29107
21217
41398
20944
15516
18997
2390
5133
37220
9489
17559
15336
3496
8388
16028
16978
38504
37754
17577
34635
20948
19326
1883
6440
5791
23151
18870
39635
34000
20123
48383
16070
22542
18411
34541
12957
23884
54889
46742
26893
24684
17555
23826
37772
11035
16162
31985
34492
30258
40740
19971
8267
53874
6622
20056
13659
37740
18865
14626
31952
38657
11370
15666
18172
16118
31214
22178
20892
59330
46361
53638
12665
15508
26143
24424
27924
26059
39231
14693
6655
3215
6439
15746
8284
11755
44621
35529
20142
19902
42119
4686
51507
20002
6434
28333
43872
22722
37783
21271
26540
24669
34813
8908
28501
6710
32743
22486
19624
27604
4006
29683
57145
3827
14630
54228
14924
7935
6285
7838
39891
2503
32568
24696
28324
39813
13416
6106
4275
8344
15269
4635
11907
25413
42131
39986
13767
26153
4137
12811
19197
37949
41209
48397
7688
49819
37809
39687
27527
16023
52556
42521
24455
40739
35632
29782
36945
44397
57525
16801
32498
11089
39488
14766
51860
9083
30111
56849
15294
16272
23954
9882
27902
44708
28636
6436
17183
10656
2805
6463
46806
16168
36742
3671
14712
19827
3227
11287
49798
34569
40671
12758
4469
30800
4889
14488
26125
26124
48517
13946
21188
19469
10000
16929
10784
16174
28795
18879
14780
8807
15914
34482
7183
6345
4897
22988
21144
12290
19949
22379
43481
22190
41760
28654
5701
33330
36484
15889
11424
36485
18671
1728
19677
5707
5108
5382
14625
8746
16042
47114
3604
1727
9106
54540
2572
41447
11282
7425
43220
19617
40991
5339
46746
24288
2359
39762
57175
39500
13490
25039
37202
38537
8970
30592
11053
44659
39697
8889
31303
22194
19337
46351
8845
36654
9795
4003
17031
57106
41383
8223
59819
59132
26865
3639
11037
18750
40303
35934
36837
9623
19028
5804
10671
39218
12245
4158
1764
16462
40158
24476
4687
31090
26708
1997
37189
41763
59390
48092
26411
26144
14305
3305
16556
57137
31213
6344
33306
11034
30957
2509
9510
27546
22536
3229
37688
41153
21056
31672
30930
15733
9197
4343
4489
33487
9176
44649
58514
1569
14033
41842
15005
35172
6667
15313
54925
28922
27204
9210
7374
7145
56651
18911
44809
19317
9457
39388
16211
51374
10807
41962
23975
36454
45969
12990
43006
19874
43316
57108
22388
18214
22370
11014
16524
26530
32399
7783
30801
43516
44280
34044
8971
11013
40407
36482
11112
9226
43369
17024
15903
43003
9473
2387
11056
46080
26372
40480
19644
44729
41778
9033
5539
14341
21117
11677
10806
18473
22726
4486
24835
8791
42402
3232
39329
23027
5321
13845
21745
3175
6793
44196
3375
6495
35448
2732
41006
33754
27180
23193
40428
41611
10514
4830
46333
20868
17410
18179
43579
50732
8186
5785
53159
3672
9032
24072
2691
36944
1923
4439
43910
9801
21210
8589
34087
38973
35248
3219
15388
13999
16615
11306
30595
14113
41775
12513
21132
22505
2360
11267
22832
10508
57942
3829
50747
3589
54981
42200
1605
7739
11071
59891
41194
8986
19830
16058
2502
9436
5568
11316
16312
6437
6514
39675
36213
11381
23861
15869
51470
20700
16337
23083
8183
57214
15141
37111
26667
28505
16609
33771
27024
14659
19135
44776
8868
6807
12295
57114
4484
17977
6410
3646
31046
9075
15965
28322
12809
42273
38321
11858
46094
27893
58232
25470
34105
29260
47175
53738
22963
49240
16789
29099
13412
28318
20132
41162
19320
30243
16274
26379
59160
5045
27199
29831
49839
7083
4977
26790
7816
8879
16540
6680
22467
38939
7172
7179
44675
14504
9565
22912
4475
1782
10427
38850
9065
6782
54225
35687
24466
5475
26812
8584
8799
29399
38822
6566
4488
11942
39624
18960
24308
1929
38776
7695
22111
7175
44936
42142
9045
44815
39303
49059
48373
8091
29608
11291
18907
3293
6379
41026
19552
26101
4039
9149
43960
6119
22374
23908
9654
51495
6405
40775
25029
44919
2364
5271
13210
7726
4168
50760
13378
31474
34851
36419
19725
28607
19885
9063
39968
21439
28604
27022
44400
15111
31447
35793
44774
35555
30948
28332
41998
2635
22094
26138
11362
22863
18437
7373
13673
30197
18909
10407
42094
25576
35656
12263
33138
23676
20715
56858
24543
11939
38848
46836
3297
57087
24309
15886
8530
17051
52536
3552
19649
5593
8963
54194
41825
12695
17182
31029
3588
53737
40095
16401
17057
25873
30803
6633
7781
43483
41395
19138
12660
7432
25931
31337
12214
52095
10739
9471
9496
16799
14643
11714
42247
35570
56829
13364
38396
29677
3739
41441
46290
52520
41154
14034
29554
36083
43240
19638
59302
6860
7330
2199
16911
14751
6426
42988
6625
44497
23039
14021
15503
34468
15125
9592
53749
49505
50727
8073
13171
15284
9067
2138
7722
49657
44408
14782
19616
7073
9221
15698
35259
13925
10421
9080
24113
52554
19718
6806
13081
13389
18719
39966
15686
24291
57147
40371
18720
24260
41477
37570
3556
12675
32801
8997
41452
40781
29652
13218
48458
14482
11821
30263
14662
34158
1934
4344
27872
41858
6733
7215
37201
38788
56822
45942
4023
4532
49608
18408
42044
6886
12494
53448
33165
50954
8887
35179
11437
25699
9028
59940
8982
16408
48392
44228
29191
6546
6377
8783
7045
34571
20020
52119
24816
14747
43235
21131
33824
57277
13267
44415
1535
41212
7037
5805
11438
19848
17711
11144
39682
39219
6412
4513
6818
44510
30237
27880
41843
3482
39381
15867
35406
40790
35935
43406
43343
20818
49654
23989
11378
8853
30201
5739
50952
9245
50764
12991
21245
20135
19183
13734
25447
37769
12966
33845
14785
59305
13172
14572
12511
24115
19637
9013
24701
16330
9630
42029
12383
4005
5579
19737
40409
24189
56662
5638
18916
41299
12892
12731
40396
35540
49660
28330
41455
47474
40274
10629
4640
2822
6563
5627
3960
44906
44528
29688
8449
15705
40580
26312
18910
44740
11694
40744
10441
21468
23849
8998
6331
46958
11044
54796
30182
37786
22184
12831
6320
7072
5959
17033
47084
15515
17048
15630
1786
39667
16526
9469
39485
22672
35575
20062
48368
13487
3547
6987
49477
12007
4596
7249
54517
31977
12288
26325
12921
53387
24776
41867
40143
27608
34036
5936
19302
22693
9078
32751
39285
40674
15335
33058
59014
27561
25487
16606
42041
19140
19735
16602
24922
57943
39698
34733
22168
46077
11038
1806
8433
20119
41360
26552
18185
20935
12808
2219
33205
5398
27925
12013
12254
10092
33512
35208
6165
53278
25702
26404
39495
26086
17757
17690
6532
13404
37759
33829
58810
6745
13127
22401
5728
41353
21380
9030
16613
19618
28789
46086
19387
4929
15971
36307
8086
11962
29241
16519
11695
43368
30946
16116
59442
16800
9163
14622
19812
6746
35939
28818
39507
36835
41350
10102
23985
3637
35193
41387
59326
8079
4847
9477
38663
57149
24303
26890
30596
7032
7367
26628
12896
4479
28603
32601
48531
46841
2255
51499
16335
25525
11761
35670
11293
26415
46623
42139
7062
42203
31605
18485
15019
33497
12672
13179
26096
48388
11721
12255
17698
12890
23338
15408
31111
15677
14941
9450
8093
33293
29371
32179
7734
8782
32445
10168
9634
32575
19240
25877
10262
6191
44284
38766
19623
2495
22971
13916
13957
9978
5403
15271
11717
32585
4930
26659
23957
25206
54068
14620
23138
32763
19550
4605
31634
13866
17532
16733
11823
9611
26115
40755
34498
32429
18601
10715
12358
39385
19639
24919
41221
17531
51376
42037
5457
27439
43236
8506
20798
49640
35827
57118
45947
26062
40766
23202
57468
12235
6857
44926
13194
27856
44656
18412
3225
29020
7065
6771
39634
11719
41304
44553
15352
14671
7189
17978
43478
9570
3668
21730
32584
54899
36590
17751
36464
1935
19862
49357
2549
9144
25704
51427
11011
5712
56722
25709
13398
33144
11820
35592
19884
29173
5474
11815
18963
19365
6815
13256
13851
33657
15401
43305
38330
22859
8775
39309
25457
33173
13325
29566
43536
26366
15860
22866
49375
46102
40767
6548
15708
12608
8343
9593
9909
9074
11273
37522
11108
6826
16400
31948
6950
10174
3643
13968
9088
5410
9427
26375
9894
10434
28329
48506
31100
32867
21192
24976
9199
22787
13263
19719
49420
49833
8185
18976
26055
43479
14675
41220
13762
12489
7365
2268
29238
15643
44518
5583
17973
5399
27621
6008
32762
7378
19412
30249
8492
9382
22635
22577
59813
40418
39969
5938
47111
22673
42177
31117
1800
57146
4995
34576
29569
2130
37808
56855
10305
23822
34540
13086
15653
54949
23180
39668
56828
3955
5726
44920
18491
23825
22708
38656
3820
22243
14663
57112
16549
13261
13326
29402
40113
34042
13445
24470
3238
2120
59178
20891
4884
10797
21382
13879
16119
57283
12046
24946
15017
45581
12700
37117
8810
21244
58005
34595
6833
22716
10720
22604
16044
12221
1573
13852
31782
26892
4494
11070
22887
39740
44814
44239
14023
35449
2215
1647
4950
24413
11679
5535
44547
43651
22359
17188
23136
54518
17553
46825
44665
22987
19143
12900
21067
15114
8888
8094
23204
46115
15901
14049
26600
26419
11863
13669
13184
21470
22644
26897
38577
20145
11429
1566
6313
14327
48380
6820
26958
9379
41834
19429
24691
37701
24454
59329
4193
15962
23816
5987
49823
16395
33840
15234
10476
32188
13885
59943
16399
49959
11833
11344
57209
17153
15462
43553
41832
37782
17038
44629
40254
22150
33241
42114
13219
15341
7057
42265
44757
19613
20160
13870
1916
8987
38950
17154
18902
6382
7687
13534
54735
9239
4508
8786
13969
16057
6883
35561
30924
26675
7197
27853
46606
40943
39627
16202
9134
4282
4334
17542
11683
41588
24066
15245
22096
44420
42214
42011
53731
7152
17411
11241
26636
4139
14043
32487
27870
12322
11440
14524
31645
36202
12185
7729
9257
44730
8803
22715
10768
11671
24188
21469
18484
35643
9661
16903
42035
9705
44728
55620
10488
12939
15996
8188
4159
47237
19715
38666
57507
17745
40450
34017
23870
26800
27558
43537
36146
37199
41827
31654
31559
22187
34082
59440
34148
10367
37810
25456
48528
9127
9155
5615
7136
35258
11330
37751
13729
17049
15875
29063
38856
22541
51404
23858
54528
38938
3491
40133
21600
18479
21737
22355
23939
3835
34823
15308
44697
9227
22205
18493
2964
56661
27165
5772
24082
57275
4269
33248
49062
13883
34852
26697
3452
13410
39760
39975
13730
26554
5343
42987
26912
24423
3579
41511
4989
26054
9091
31174
38760
18883
24254
14623
37690
21153
34091
37781
9580
16120
41830
57296
6332
19873
14109
13251
16817
27378
5898
8307
35645
35635
33059
49502
15122
9214
36087
24546
27915
13890
39972
39896
7985
5610
27552
49493
58518
22399
9711
21433
21258
40159
22358
16919
29612
28598
14492
19133
27875
5389
27150
38999
5584
2543
44717
43350
10306
14697
11471
54918
31293
4653
9816
3230
18545
23900
22724
21868
21142
37700
40063
14784
5773
32864
18212
26591
29279
46905
5990
11826
7813
3508
2722
51353
6525
10618
23820
9877
14116
15588
28614
11016
43535
48360
42236
17835
33060
8750
18497
13882
16808
3214
23198
15854
6865
32593
17981
57122
36728
33835
54072
33493
24099
15118
8090
44615
4436
18722
37913
9622
37696
39278
8837
4885
16214
25446
23666
15601
9644
1590
11678
16216
14742
3373
26114
58516
40034
15997
58796
45955
8603
42120
40062
33240
23624
46113
41795
15964
7323
39266
38825
26643
2719
50737
4072
38503
4512
27218
59872
6411
19645
9171
6524
39236
17735
15382
18316
13855
29227
17414
42598
6812
6374
22895
7560
3553
49793
13818
34689
8802
9143
7721
5734
20174
3302
37253
5413
21075
22714
30246
24287
22894
22869
12193
11938
9973
32408
11384
11950
15289
40388
9046
18417
7892
23146
6823
37246
11234
48363
57818
9082
34855
58010
39293
14738
9806
41605
39108
54890
57127
42257
36132
19636
39775
3593
3295
37251
12707
7737
57070
13524
59117
58517
14689
5367
38529
42039
44722
5972
9241
21140
17646
1637
40972
54537
24409
37925
44414
57092
34045
35662
22206
6133
28742
20716
33838
7835
9507
40255
36425
26876
41438
44807
1962
36441
21471
24833
5993
33064
25569
7222
58330
22171
9011
21569
13844
14581
36581
44493
15376
35206
25007
9272
19579
33290
6453
13366
45623
22798
39665
8779
17923
29574
6769
42135
32250
33660
4505
5704
47312
51443
6611
26384
24422
9854
7097
41098
39797
10751
21063
46883
11317
4775
24773
24179
10474
51461
33297
39310
4985
41875
44399
24460
19834
15731
17714
4473
15611
12340
27867
44902
18476
9047
59011
38541
16046
38147
19854
26598
41824
5946
58004
29071
57165
49378
57948
57073
41963
11908
12970
11712
12694
29774
14095
25020
35486
4739
34084
46359
26066
31656
42129
14332
8163
18314
2170
6311
31098
6511
46850
26164
26621
20014
30102
37694
5724
25886
27005
28653
39280
35699
33168
32553
13255
9160
49353
19136
29256
13768
10517
48457
26042
20173
34815
14577
9667
42802
15975
15480
35554
23089
53296
19322
59453
8809
10301
35210
44799
12617
25540
2125
4974
18404
26679
35947
49489
53384
4515
29145
9233
2371
27882
43530
40312
43234
5314
3922
22192
12249
27898
27857
3549
47501
17845
44545
46909
5982
17541
3013
9458
51609
12870
36431
4065
6175
6416
7776
50945
2164
8574
2294
12703
19472
28637
13244
13288
23823
38675
19361
9384
31956
37743
43885
13084
22728
4648
51418
42985
56847
31211
4565
24989
59883
32496
6739
51349
44311
2221
57124
9503
33175
12975
14111
31457
36131
37805
19659
3161
25883
35199
23807
26817
17712
26903
48393
39725
30926
40753
19590
57489
38655
7203
6666
6635
14479
16370
1792
6057
15859
19681
25498
42419
14484
9086
8590
14494
54071
35166
46324
23979
13071
21246
20679
13391
34795
12769
13515
41391
8242
12702
33243
15253
13456
48495
36688
40382
19705
26633
4105
8954
20689
10001
21568
11951
48064
17831
8820
36445
38525
11360
30606
7143
33848
29033
19204
29565
17816
5750
1609
19736
2467
15368
28143
12658
23850
58571
10615
49825
12031
33215
9709
58339
33271
26121
11010
29845
9574
39656
34111
9707
50749
20889
24451
29196
26156
11286
7987
19708
4978
13936
54338
13095
56769
43683
48066
39632
5391
19312
13906
38978
2218
26063
14136
10650
59446
49468
6321
41599
11530
25570
57503
50421
22585
22975
17949
27213
26088
15856
18005
19917
13652
6301
15683
14284
38993
59123
57934
31958
11711
13752
42086
3245
44800
29702
57136
32431
7155
22390
16989
40737
35204
29573
10261
12785
5329
26588
4553
16298
7840
10484
33844
19706
37758
5870
14039
25459
44618
8215
6126
44554
33544
9881
10479
38500
20033
15332
17718
20682
40300
11852
7148
51504
13266
8466
44623
15879
36957
6962
13528
29676
24119
15260
6142
33837
15907
29668
37210
15379
15898
30921
12874
20938
29101
48374
34159
15353
6427
9393
32193
14713
4490
14744
12006
36135
38122
34655
5578
2208
15147
4649
12976
18521
15115
57478
20146
25566
40945
6652
15967
20012
32766
20177
36646
26872
7123
26140
4004
31488
51430
19189
15747
4478
51603
15254
43005
58418
33663
16537
3972
39339
37195
8459
21125
51584
37677
8897
58801
50738
11848
43533
39288
57981
15857
6894
49817
9248
28627
57983
17545
46332
38137
50736
11080
7042
34484
17752
16145
8531
33770
11961
17732
7187
43656
27025
31017
12009
12977
34051
34821
4506
51396
30928
26683
11054
2802
24637
14624
6754
44713
21236
7169
5217
34078
13115
37119
26594
26450
24845
9776
42989
33227
13459
35706
53211
15896
16736
41358
46890
39251
23457
19307
25584
24105
59298
42992
6122
14939
11839
10766
25472
30194
8883
19883
49363
19734
10089
2126
21087
44578
51422
32590
9261
58512
13180
44760
36217
20876
4183
19194
42991
11385
12903
12289
5401
39904
9203
2703
53732
22818
43352
13699
24699
19576
10777
15415
14120
18971
9262
19368
11857
35265
27183
19836
30927
38574
39957
57466
40436
6741
46851
10769
38737
35207
15872
26646
14558
5605
23619
36450
53639
41606
40765
8905
22363
53640
19938
35152
17969
9398
16405
31974
18432
39660
11055
9523
12725
44702
19869
34632
34039
12812
31425
31640
26815
29564
13985
17184
18900
31662
24085
48362
43380
27869
13677
26635
35538
8153
42092
57494
39626
34861
59838
19427
27266
26901
26087
44233
24697
26816
6774
47678
13120
16392
8491
9057
8739
42600
35625
36462
34652
58146
2812
37141
34515
34841
15629
8951
26123
57273
9161
46816
32563
8811
51407
2869
26802
6137
35532
22976
11104
14282
41972
32390
19920
52528
39726
15392
27525
36230
18995
49504
24630
49469
41449
13821
22364
12181
9205
34649
26623
12011
5808
23665
18985
57088
39646
26795
4736
29667
44406
44535
10627
23913
32939
10533
24577
52034
42241
26637
7686
51421
15263
37923
23097
5234
18717
6522
7735
9569
16065
32818
13135
9595
11947
33489
22314
11824
5430
20182
15870
13917
19180
6048
43876
20128
42272
16165
11146
3657
15687
19711
57820
5262
29171
7879
26593
3474
20941
21171
17924
20815
18749
25888
12212
21169
16030
10170
19004
40448
26806
36137
34743
9383
5299
11036
43342
31792
5735
20318
38573
23122
41377
44570
15855
20932
1788
22873
37582
6396
30193
19857
2227
17930
44235
5171
13691
23038
34203
13914
22875
26968
14497
4450
27205
24944
20839
14568
2198
41780
41629
14520
6751
5981
51488
37804
11298
32503
9084
9500
37255
33707
33234
17959
12538
32181
44473
29226
16969
13835
28520
48098
57502
17979
8216
15256
39984
15501
12423
5920
7054
37785
33827
12942
18751
26674
43545
5242
34106
8860
6455
19198
38668
4972
5765
9655
3178
18539
20814
10790
58805
7046
36417
42140
13187
22654
11062
40390
17623
6490
1884
11968
3620
7846
26691
34757
41697
37205
58152
9642
15384
41653
26180
38669
16807
6139
18761
9400
11049
24706
15882
36486
49829
31570
20246
23034
20946
19829
17750
11526
26560
5540
48498
9271
13869
9079
6418
8724
5697
13886
29721
21183
12028
36430
20840
1925
43669
2544
16792
34016
4448
27886
8184
46276
36463
51382
6743
49488
15539
9212
44215
47642
9405
49478
11699
44631
11115
32175
11998
19858
3163
14112
47123
5937
3618
4500
11248
27173
27216
11913
43624
9777
40373
3830
7384
9527
9525
20877
57513
8194
34104
24136
33974
29670
34166
16236
39275
43237
51756
4286
43359
30952
20155
9424
51606
49487
19574
12751
26627
25419
4560
13116
22173
6356
42207
19912
49811
57068
2916
17994
53386
19589
48520
23838
4471
27896
9031
53633
16190
27441
29642
13320
50960
44644
34641
52522
23451
3628
46248
8885
10440
5676
7096
21147
15711
15248
22797
31555
11698
15612
43339
11243
30252
36458
7105
5897
28739
41757
32594
26676
3626
8512
26465
6882
26823
15318
46896
49246
11130
13400
5392
39324
18913
11675
2123
35846
5536
49236
13091
41821
19855
43482
2104
9399
16368
26645
46103
17579
12531
39655
22610
16051
16802
44580
37143
33747
44433
23094
19578
18206
39786
16406
4829
7266
19823
50778
5376
51360
26932
17045
22883
8495
13247
19310
29823
19702
6422
13516
29665
40997
5354
6009
9901
16459
41219
37944
18201
43340
17696
6664
11867
15663
9805
44775
39658
23148
19818
37801
27036
14347
9996
26132
29250
48493
12819
9251
4020
4940
20208
44684
15288
26516
11524
8474
32570
19591
51215
22230
18760
17036
42251
17795
25543
11379
33697
37222
9138
9258
26084
3470
34846
15108
25481
3560
19731
16303
26158
4267
7702
28652
26798
49241
49377
5380
1794
41889
15255
16485
18517
4542
7366
14638
26634
48375
4017
25032
44304
10787
4109
4834
49810
52118
46892
26993
7315
4107
6892
20942
7311
24304
17494
32802
57075
5994
12287
2966
44739
14450
5259
55590
4496
49238
59399
39653
49244
15670
16991
42245
13747
19146
15366
40938
15676
32189
18323
8946
29322
38154
9218
14127
23323
8728
4672
6618
42013
12708
4911
15521
36751
39741
20126
15578
12680
43917
23450
3183
4518
7732
12386
7633
59441
13317
21176
20171
6876
22842
1525
9242
30186
42208
40670
31304
41468
24450
3436
8539
11427
34589
13880
15250
7064
29267
34029
12965
13452
43618
41828
3969
22207
53286
6669
39641
41380
23491
12219
26863
57810
6438
59826
24690
12438
25224
46804
25460
59451
8872
39283
36833
33995
29567
20949
6016
6913
28631
26649
9875
23084
16514
30634
57276
4888
3231
7806
49659
36731
16507
5767
8190
40126
14787
9387
48382
45580
18800
17026
34043
33212
16066
5752
38331
43630
57063
39808
9250
27209
55628
6326
37956
24638
6595
15377
30950
46805
39941
6409
2591
6353
38340
11090
2956
19341
30537
44638
19837
26844
57080
3616
33711
35263
39625
29089
18863
5844
32513
15286
15027
49510
24854
43034
7111
4067
27884
17185
39784
2477
12668
12030
15145
53876
22836
1620
4895
39964
11167
27623
35707
25712
3511
4126
37974
45954
22889
44563
2108
4164
35504
35563
9154
8823
23035
5482
15385
2486
48508
9417
3740
4632
29023
9508
39764
9266
34504
29239
1836
8812
44613
5665
40306
36140
2487
44217
47172
14645
13324
40941
32635
14042
44550
21156
52096
26671
36203
13860
44610
49652
21424
54527
3376
4546
39890
27008
24289
31160
5912
59396
39798
34746
27873
23828
39671
37811
59448
42105
35571
28826
44734
15729
7376
26877
5454
34476
38127
3627
27628
33539
6504
5451
18599
7051
6526
12816
9145
22913
15322
21126
5292
19721
17629
44204
10811
48109
14768
15849
36948
4575
19435
21023
36857
34204
19202
19726
15405
35437
32953
15917
6407
42202
8020
13977
40125
49483
7041
13764
11701
46092
13361
46914
54146
2496
9453
38948
53252
13881
40410
36205
34650
7379
7182
5128
47649
34046
17691
13896
18923
21472
5681
33662
31953
12963
27538
9431
4910
24947
51399
35405
32866
13653
35533
7319
15619
20153
22357
29711
34250
41208
57895
37780
43346
20690
29282
39731
49831
33968
15089
39652
26669
11163
29177
11822
27890
50951
8806
21736
11705
12509
17180
44529
39722
6007
11966
13872
15649
13724
7595
6726
4134
40321
6725
15397
11403
13538
22727
6212
29772
44714
44947
4549
18752
50702
16987
35216
16970
30247
32194
37709
26898
11934
22865
34747
24109
19833
41800
59814
11383
37777
48503
4547
33145
12998
5749
25485
6822
43008
19840
10258
5386
10480
26260
17901
14701
7715
42274
53446
5622
6486
44203
8966
14311
12508
52553
57142
26647
9097
4151
18419
53776
40262
41863
19003
21178
8777
29798
29294
41161
57090
31551
8445
13377
6644
6740
10569
23667
43670
18415
11296
25022
13376
40694
26796
19701
14110
4155
40747
31619
26642
5252
44648
2368
43044
41222
9156
3585
4066
1658
6327
13683
7154
26389
59832
4905
9517
11110
43371
15924
41873
13983
10616
15021
39645
11480
39379
14564
17550
16464
16402
7854
19128
19185
19772
32508
11859
9012
37738
4558
17834
52235
46079
31178
42210
32937
16557
17683
57077
30233
33822
11059
8454
24459
17980
41777
12320
11018
53632
13286
8813
21743
1656
32901
53752
41836
9394
9268
13861
6420
6748
23854
11838
13824
39237
36451
44441
39254
30922
2831
6451
16542
22533
22977
5757
19608
48099
58006
24769
11398
24220
1549
8157
41010
37930
3463
6401
13246
6005
45983
46813
42261
5646
11353
7058
39847
33524
38548
3462
47176
27539
39841
42022
16336
17907
40422
18568
30616
44447
43308
43529
45625
37685
49503
33151
34788
20959
3821
23876
49820
19476
20893
14449
48529
37793
44753
15603
10081
3923
3367
22861
5459
33221
32869
51608
6871
19987
20141
51354
3921
12941
5115
2814
13991
19420
29632
18211
44750
17546
31162
57074
12969
11948
37173
41880
10783
10740
5476
39732
4002
17491
19733
11983
36309
9220
41434
4617
35709
51394
13085
27851
41859
40260
47239
24987
12470
17193
2489
15673
22844
12329
46748
36141
37245
34633
25520
44288
43030
21260
32405
9995
5560
18548
8862
5429
16117
2396
24735
20351
10622
2213
5326
4608
9085
15744
16221
18999
7377
8455
44492
3694
14481
44742
9401
13393
51411
35693
7705
4510
10101
26521
10717
35440
39982
14736
35162
38526
5131
15116
16820
4566
24822
34080
37734
43880
7258
16738
22864
11753
14959
41666
4678
33986
3973
13303
38781
14657
6366
11710
6829
2940
31443
44700
10366
26604
27203
47680
43009
57131
33551
22152
37242
22494
43246
27629
51502
19122
17844
6677
37224
16141
6643
32767
42994
15407
41456
40155
19131
11320
8453
39903
53726
54913
2093
26954
41592
48093
57937
38542
20028
9175
3307
17044
21167
32868
40302
29316
24194
40326
19335
25476
24836
12172
2399
1646
27548
15974
9472
9465
18732
36605
22172
35560
12902
44512
23926
6430
13451
39754
9170
22377
16276
4591
12883
16022
19577
6574
26112
13672
3187
39647
29629
10185
44640
38654
8854
35692
13260
28808
9967
4644
32277
2388
14783
57523
44817
53447
24714
37933
23856
9808
30806
11985
23921
15724
39749
27859
4688
28515
4787
22814
26135
5408
19308
22690
11349
2136
13696
19120
36446
4455
3998
57815
19332
37708
20885
10432
51423
40738
26316
14134
26326
26619
8542
33182
55608
44237
8852
34597
19886
6004
26787
24716
29558
18475
15121
15734
34755
2582
44445
5368
50949
35422
22905
37803
41890
24468
13379
15215
22350
6869
51350
42104
43547
10511
33171
27015
27438
8762
7063
11933
41106
10356
13887
3299
25451
33224
36853
44647
5002
24481
4523
4441
11284
8638
44934
9627
33232
4582
14040
4121
44619
10757
15333
52093
23092
39080
33993
57064
17997
10018
18884
11467
44625
11143
5925
41593
5705
23489
17529
16620
6953
49433
5467
8881
22313
12656
12183
14759
10035
4025
57094
12956
9225
33817
43147
4997
4064
39295
9026
5654
16735
5858
5222
51424
20875
25416
5378
43543
9243
35521
10678
46274
11031
30611
6654
20313
14706
17951
36861
43071
19182
5991
17549
18715
18180
26687
22323
42235
9506
29042
37250
15274
44236
33244
22404
15919
9997
43574
16813
19121
36085
15394
37775
22710
9582
4944
24106
43309
4908
40759
35196
38544
13069
52154
43370
38758
12484
44611
12369
53373
19863
16067
26367
46098
9103
32863
26133
41989
9645
33849
7114
6478
43622
15016
38155
18710
25030
20445
32930
11126
4832
6304
57524
7682
16538
36232
27032
34531
30185
56817
44849
27555
32185
12003
24924
26543
44769
15110
6709
3642
5608
18919
8219
7969
50946
8884
38745
3644
49814
22573
4607
8247
22819
43520
39281
8748
44701
19622
40408
13522
33532
12476
5478
3500
24177
22384
33654
47120
49070
5350
53882
2915
6044
19864
27153
13205
15853
39942
9637
30442
9449
13905
19598
5023
35511
5698
7428
5910
58521
13982
12041
21582
17652
19973
25480
47173
16053
7204
13225
1662
36453
31553
12710
41700
21189
15892
20205
18737
16604
31119
34727
43233
35381
45600
12676
26044
44683
15233
26895
22649
25880
26382
8160
15966
40787
22504
6371
3372
30253
38746
14053
26258
15517
33166
10786
31116
4070
24945
15894
4919
16388
15921
43638
13950
8532
3802
39983
59015
7599
38983
20143
11927
19693
25866
30607
13878
10112
22373
53877
32816
19349
56854
12882
12865
26953
2507
8377
12350
41378
5628
30925
47217
34033
22162
58817
8346
8911
47169
11289
31027
34067
12944
3504
36952
34529
17954
11825
57028
42141
34041
38783
58009
51317
12958
30213
11347
23497
7845
14054
36143
43628
13076
41533
45779
42196
51355
8210
19431
26046
19546
21729
16361
54334
34005
22692
40989
39676
14696
9910
40322
44211
26655
17839
5485
27154
30615
37728
11686
47218
20017
3629
42136
6636
5481
2169
40284
5595
14984
29633
2193
41448
7883
25443
17722
31970
6579
34523
9247
16509
2574
13334
3828
9672
51449
23812
5404
18492
9231
32404
31562
8742
47198
44567
44921
26559
54084
4589
43548
31658
20187
10445
2545
8406
4561
35777
33509
6678
41608
33713
24204
4627
59130
31781
22702
19011
6856
4990
12485
11266
32566
9519
7401
11817
18712
26966
42143
16512
2197
1729
39253
24469
11689
34009
3661
33971
24986
10478
20896
9432
44639
15973
17768
11030
16793
20687
28513
15977
11844
28499
24689
12507
29699
29384
18864
21421
14770
10789
26818
19314
6011
31172
42263
30917
5770
50755
14639
25411
17536
57084
29263
9674
14774
12848
23029
3823
6136
28819
56724
16458
3664
15742
20353
11432
4047
33061
7070
29273
5603
29852
20688
5616
5351
25573
48505
16467
33530
20341
32861
22636
37160
44443
19609
11402
57506
3458
27529
34522
23137
8815
15887
10506
36216
57476
5261
8493
48459
12822
23142
7522
57285
13873
15120
19695
13962
32591
16177
1795
37802
24614
33756
13895
34735
26801
3650
13250
35450
27885
48089
5931
11019
6648
23125
6884
6151
28649
8193
26709
2121
15006
28474
22163
12817
40290
48492
13739
38775
4956
19363
39092
8751
7368
2393
39511
6626
34644
19339
6670
4438
26670
20947
6130
34637
4452
31132
19951
40743
47681
41844
7043
48378
44771
6785
43349
32393
47179
48518
29777
6459
15465
6352
40998
4133
20910
15586
22848
19201
21190
34202
29650
20213
36439
34007
3948
12677
15046
32494
41152
33277
12735
32400
48370
13958
29700
23189
49807
4620
6658
20864
18887
22831
38674
2231
37145
11376
5147
36225
17413
58200
44559
17701
12426
15495
44444
5915
34742
14485
48102
44918
26541
22166
3653
37918
34004
9223
27899
1642
46745
34049
36209
35203
38481
9396
15494
19184
5998
19126
51602
31642
13971
37792
47222
6134
44525
7168
8524
17537
12760
55617
59294
13408
16036
12997
56723
16465
13230
6813
31468
27858
5447
34639
13783
10676
19685
15715
16976
6148
15321
57500
8976
24192
2031
44706
26152
36434
29254
47231
36443
51436
52156
7600
4346
24425
11448
14490
26650
17175
17821
20802
33765
43226
30195
44552
14118
8030
6141
37247
54536
51595
41027
38129
4446
1594
22489
6399
39506
19475
12267
39818
50961
6817
19941
20843
5385
16520
43476
4642
26550
29846
9666
12012
18657
36452
9213
3505
39382
35451
9123
10021
54515
18210
30610
15969
32578
5322
6315
4610
9729
18413
43661
59115
44759
6173
6656
22878
35711
11843
11129
58819
22687
4112
19187
11473
18537
2105
42258
44931
17170
19333
17540
30603
2821
9049
11350
16390
10655
25496
7019
53880
35497
40782
25497
15150
25574
22169
18401
4669
3449
8075
39307
8819
9809
33523
11759
16397
15008
6814
19329
8084
14336
20685
35165
14552
8472
12604
34108
7118
10438
17162
19175
54733
5581
3159
24428
42031
29004
34583
5267
24846
34006
1579
19724
4684
14560
8221
15040
47124
20032
48386
38942
38931
6531
31620
29559
57086
4073
14502
8154
16339
16508
14038
47184
32502
8159
34469
19193
23836
13868
14719
14786
4474
6897
9716
11827
6642
10428
44718
9407
27932
9343
40433
43635
6015
39633
31040
5018
15560
24427
12674
40752
4113
44209
14769
7375
26103
29685
10266
43889
32401
26408
2106
57134
7828
14125
15627
6199
12750
8585
27906
44194
32560
24182
23857
8071
46239
37934
11986
6318
17724
18915
49381
2706
13344
9099
6329
23925
44292
14753
34107
41396
33068
51419
15132
12827
1783
38126
24627
58326
29556
54979
16452
24941
41227
39486
6624
5956
41940
8302
43955
4106
11268
37671
26794
12693
21235
5220
12974
47181
17293
19647
55599
6981
24453
5781
20024
44930
26562
44780
5037
47121
44853
15459
29088
18305
32589
40774
7103
2223
20157
7902
50664
13322
36732
10111
39245
46081
28459
24299
23028
24410
25878
26999
15519
9118
26813
25488
59338
24718
39989
15862
37674
48367
40395
32559
28495
35445
8342
2965
32886
4735
13847
17823
27261
35541
34752
46090
25452
35938
38949
43522
17833
49832
55595
8187
31448
23794
23093
11862
11103
7112
15273
4049
22876
42934
26380
31657
34461
39770
14983
14666
33742
40693
46749
12662
16280
29172
5412
25892
8995
9712
6325
8796
14570
7885
9052
12740
5054
23930
28492
44436
3298
26134
33760
11017
8475
14987
44614
32394
49501
33326
5623
31685
5871
20022
44690
41355
31609
23680
24482
31608
13300
32406
22197
44404
2263
29277
17647
5976
15540
34162
3242
10161
41772
7875
17705
38141
42255
21385
8808
34048
49417
13684
26369
16450
18893
19924
21146
19439
4855
32579
9456
13349
43904
57138
13270
26364
35682
24183
37691
27640
12607
31949
8805
4675
9211
35679
34647
19950
38812
7238
28504
20683
24190
39729
7970
11069
38772
15623
6466
39261
39906
4516
34524
4827
4743
7604
44948
14716
9273
15518
2353
58794
15984
14672
35648
24607
8460
9878
21130
6445
10672
26449
12813
34059
44871
15877
17948
50748
56856
35587
51425
5046
16037
6620
10142
18474
47108
47195
41354
40387
18762
35424
36084
29765
37520
27934
1933
34590
33510
13655
27176
15631
14329
9491
2482
14024
39512
41756
5251
12752
20711
44210
17730
4973
13900
44696
41401
36211
57945
15613
5928
33712
25495
7075
8795
53634
2166
55629
26374
19327
39765
4152
16362
50719
55784
4579
6413
5594
10741
5776
3226
34463
58513
17903
7707
24191
51439
5691
11479
46114
37243
9600
6450
6527
2982
8149
11304
15291
20125
33494
44289
43356
41833
2801
27888
57119
21740
4044
17564
26077
53378
15011
5729
37683
17171
1607
10369
13082
24458
48519
44691
26624
11041
8890
13222
48361
11050
3240
33242
49369
26547
11086
22712
11357
19652
41347
32452
26917
4453
53287
44928
7140
8529
2115
10304
22659
39405
41977
46906
15995
10167
5127
11854
9035
14767
43083
4022
10188
10818
3959
39323
10794
35755
10184
48527
29104
39496
1804
42007
10767
9157
18518
12981
14131
22658
8827
1649
4071
41992
56720
35384
44544
3690
25410
50948
2499
33553
43239
42087
16018
11297
12005
35683
12186
12924
36134
9785
27610
32878
24920
47186
51475
8528
5945
25489
19334
14757
3171
50432
51876
57144
13201
27426
24768
19944
9434
42010
17558
24632
39885
54534
5999
21133
9479
3606
44188
40089
33743
12732
33115
14331
46095
35845
5569
8151
4521
22706
22916
13755
35633
59400
3590
18974
6862
3737
15600
30953
19813
16527
19597
9107
7777
11361
52153
42148
49511
19850
35189
24754
43036
9246
11290
59106
5932
25864
38741
11935
11312
28325
15129
33759
15266
16345
39342
38810
13374
6182
44532
26240
24185
49406
25031
22890
51453
12979
9137
21585
5483
37689
37252
24180
40292
14050
26660
58150
27923
39809
42036
14036
12026
44905
57517
13993
30538
13701
7036
30239
18487
7619
32557
14052
13686
36841
26456
19714
17960
20149
24120
39892
13346
57944
10495
43873
10604
24462
7809
20164
26448
16407
22093
33762
39746
41625
6811
44290
36487
35564
12537
44405
26826
12886
33531
18407
37158
57085
13213
17727
44534
33538
16351
58491
40757
1697
38138
39277
36476
43337
18593
6914
29291
6977
43480
10693
43382
49638
11083
14761
27259
47216
33659
58015
38761
31215
16605
44205
41233
24117
24725
26589
14320
45941
59008
13859
36852
42089
40698
5472
13369
48090
57216
11700
17754
3248
17767
19684
12610
22691
54076
23904
14316
57071
8764
23852
26652
28512
17985
40364
9100
42566
33540
22717
3306
27220
24805
48488
51587
26412
9222
4461
41997
15339
56852
19619
7853
57291
43877
59445
17177
2116
20011
13918
13204
20785
37172
28498
6742
46831
19245
39788
11461
42205
20120
3333
43578
3542
19602
40485
25867
10117
16530
7060
57103
31655
38651
50728
40308
23049
24633
6660
58738
54539
5948
14513
15229
13163
31683
21175
22592
24975
11831
39228
9797
21416
49789
15062
34528
13934
7320
15219
12910
21159
16038
41440
46109
22532
26651
27211
57065
38943
5763
8591
26160
54069
14495
40156
2500
23299
29390
18756
32565
10821
41665
28740
20676
51604
35212
11828
7253
26663
57280
37812
52529
44744
58519
39959
31212
44804
28502
15682
27933
4577
59824
49460
5383
57505
5761
34001
22821
20954
5270
39508
11244
12951
17713
13418
17972
13307
9730
42564
38000
27437
31960
20377
40429
26310
24301
41857
54519
47215
57528
29640
15727
17982
40426
38289
36223
50756
31944
10673
7710
38139
17157
13197
17485
25871
30594
9010
22980
6470
21269
22195
12034
15259
46108
17573
5892
22607
4971
6307
9976
35644
33652
23830
6359
31787
20845
12471
5917
3812
47641
33686
18496
46335
6417
20791
17624
15876
8438
16148
12381
21150
29312
25414
13856
15246
54988
34563
24688
2135
18322
38930
25893
39965
19306
9970
29255
15697
25970
2113
13555
27006
40459
5762
5365
13223
11264
30617
13518
15417
20918
4141
50758
3663
24722
34109
27018
18171
47090
4554
11166
14496
22962
5541
41392
40398
9773
17741
5621
5531
17682
44523
5358
26910
24429
34013
15632
11955
44195
14718
44679
35688
13984
11819
43377
43080
44784
9980
4171
22394
22872
13646
2506
2694
16231
15043
6819
12376
4681
4595
44646
43617
32600
32737
9487
16444
3795
15029
9397
11276
8983
20680
26460
9455
16207
22534
8527
12430
15364
29006
13735
35272
45579
6373
31946
39305
4153
6423
1572
33508
22823
27881
10785
3917
40307
26611
11348
44587
43073
39971
7193
7606
5877
21747
16805
20755
15510
9876
17708
34840
8790
13972
11680
59131
26458
30929
36845
39939
17684
8088
41879
43410
12190
3370
13457
9575
7597
13981
11853
57032
9089
20027
10694
1557
44214
5353
15915
35425
23953
38777
13306
18498
24418
42038
44668
12035
25691
13137
7047
4068
34819
20940
29674
39222
29675
1982
13064
10279
27891
15990
20370
35438
5453
16369
4808
15264
12016
16299
54529
5629
5021
21079
24267
27916
6491
33218
56654
11976
7166
49788
32952
11371
17702
40261
9023
16973
15309
11088
1565
17917
8778
59116
28323
4907
23036
27609
43620
35464
4043
16043
44482
4998
29797
32515
31435
21420
12044
30250
35562
22822
19367
11168
37521
35261
8442
22721
33821
29557
53753
47242
4887
2551
25876
47241
24527
32634
35671
29002
40791
20865
3378
6675
5930
46105
22737
12367
26681
5288
18763
35701
26678
39776
43575
44698
57498
30794
51596
36420
23197
25874
6801
17766
31690
42348
20915
38941
36433
13384
39484
14934
6899
10744
39638
24695
15743
26454
17039
27910
5542
35558
43650
33740
42418
29100
5941
20950
16072
35589
10402
14641
7804
26673
18673
4626
22730
1930
8103
15004
58395
23848
23147
25019
6803
20178
34517
32938
14287
5782
40376
12664
52094
22826
9420
40453
33825
3670
46323
39836
47230
49804
12017
12309
15562
7884
21128
37725
6385
9520
26145
17769
15675
9274
4586
11366
4530
39827
24102
35271
41397
7408
48394
59888
5009
18653
54514
2718
57289
11084
7068
17544
17694
54891
11308
15868
13519
38784
25465
53873
51508
24840
38650
24218
45973
19918
22114
12049
12361
20691
44232
25474
14775
4583
34518
22501
33278
36653
44413
4111
28470
16621
36208
16146
17717
7134
20842
43958
9177
33706
48094
5926
59889
6494
46401
8789
41408
9614
40455
44924
39822
16364
37748
35420
8781
7810
27877
22663
14045
27630
26518
4535
13884
22851
27379
40291
49352
57526
15151
56857
29225
14640
15124
15305
58012
14491
29672
2246
43304
9597
26113
9596
22202
50279
21166
44612
12858
33643
9062
39304
39773
59405
18739
32396
9971
16039
26106
26154
12284
40999
34638
37142
38547
14772
19124
3669
20018
9879
7150
6552
15241
46104
24116
5574
5006
52158
6878
3216
19648
40762
15363
4901
11101
26538
7158
13952
9710
4674
15400
15985
11117
21586
7716
9422
12378
10039
16063
33688
33103
15227
19843
24825
33967
23505
20960
17902
33856
35506
32505
13193
11963
46270
25024
25869
18321
5369
20856
26707
7076
4797
10796
8397
26919
15237
51591
18421
41938
24186
16115
10080
43662
16730
22984
44624
23917
7301
15874
57501
28656
14515
49794
20319
29369
12237
23040
8861
49824
51500
5272
41864
25445
19362
44218
58014
21438
14511
6627
39267
13540
9490
16025
2589
7078
9798
23145
7753
10182
10267
22383
12980
9229
10187
56821
11426
15419
4527
7178
31641
24090
51413
3967
40276
51324
17054
57067
56787
26311
32514
12191
4509
12683
24249
14633
44933
15622
15684
3309
35404
19831
51506
20133
8880
13442
38739
7185
21121
1618
13386
3228
11860
26959
22157
13563
4623
46106
49799
15608
22378
36233
37788
47113
20151
22707
6124
36428
5780
26148
27904
24461
38575
21735
39642
34790
15920
6789
29709
11329
30198
11757
13295
15015
33181
12259
25582
37749
33852
46815
9124
5327
23455
27563
1634
11915
28602
8457
13089
9142
11724
38660
51605
33219
25698
17939
38530
59112
8467
12298
36226
8461
20920
54729
14764
22898
17842
28142
6755
36424
58797
6449
12380
50665
18524
16522
24069
32645
39745
38242
11338
13358
37244
11980
38751
34628
8980
5005
23844
14642
37200
5764
31784
38565
40293
16363
9121
38936
11263
3662
38146
47115
7487
19741
13746
26072
29607
1603
41993
44923
19330
41427
25891
36437
3696
12272
5702
8864
35591
27889
38582
21187
46885
43435
33246
4980
17149
16111
56411
29819
41602
10159
2129
24942
22840
2351
17726
3160
16471
1937
32862
44917
41453
41586
15067
15068
12364
4993
53437
14677
23149
48097
13284
48526
29560
3574
54087
8082
9994
7371
8373
11682
6127
30599
33093
19181
13726
40404
9656
17030
59936
51482
26960
12940
35588
2832