[44.06779661016949, 57.30117340286832, 58.9960886571056, 61.603650586701434, 60.88657105606258, 62.32073011734028, 62.255541069100396, 62.190352020860495, 62.97262059973925, 63.10299869621904, 62.90743155149935, 63.88526727509778, 64.34159061277705, 64.27640156453715, 64.27640156453715, 64.73272490221643, 64.73272490221643, 64.21121251629727, 66.36245110821382, 67.40547588005215, 66.62320730117341, 66.8187744458931, 66.94915254237289, 66.8187744458931, 67.40547588005215, 67.01434159061279, 66.62320730117341, 66.62320730117341, 67.47066492829205, 72.7509778357236, 76.66232073011734, 77.2490221642764, 76.72750977835724, 77.18383311603651, 77.05345501955672, 77.50977835723599, 80.83441981747066, 81.42112125162973, 80.50847457627118, 80.89960886571056, 81.48631029986963, 81.35593220338984, 81.29074315514994, 81.61668839634942, 82.46414602346806, 82.46414602346806, 81.29074315514994, 82.26857887874837, 82.46414602346806, 81.87744458930901, 81.7470664928292, 81.8122555410691, 82.13820078226858, 82.46414602346806, 82.26857887874837, 82.26857887874837, 82.46414602346806, 81.9426336375489, 81.9426336375489, 81.9426336375489, 81.35593220338984, 82.20338983050848, 82.92046936114733, 82.59452411994785, 82.98565840938721, 82.72490221642764, 82.59452411994785, 82.59452411994785, 82.79009126466754, 83.05084745762711, 82.72490221642764, 82.52933507170795, 82.79009126466754, 82.52933507170795, 83.11603650586702, 82.72490221642764, 82.72490221642764, 82.79009126466754, 82.65971316818775, 83.1812255541069, 83.11603650586702, 82.85528031290742, 82.79009126466754, 82.72490221642764, 82.92046936114733, 82.98565840938721, 82.59452411994785, 82.79009126466754, 82.79009126466754, 82.72490221642764, 82.52933507170795, 82.59452411994785, 82.52933507170795, 82.65971316818775, 82.52933507170795, 82.52933507170795, 82.52933507170795, 82.65971316818775, 82.59452411994785, 82.59452411994785]

[0.44067796610169485, 0.5730117340286832, 0.589960886571056, 0.6160365058670143, 0.6088657105606258, 0.6232073011734028, 0.622555410691004, 0.621903520208605, 0.6297262059973925, 0.6310299869621904, 0.6290743155149935, 0.6388526727509778, 0.6434159061277706, 0.6427640156453716, 0.6427640156453716, 0.6473272490221643, 0.6473272490221643, 0.6421121251629727, 0.6636245110821382, 0.6740547588005215, 0.666232073011734, 0.668187744458931, 0.6694915254237288, 0.668187744458931, 0.6740547588005215, 0.6701434159061279, 0.666232073011734, 0.666232073011734, 0.6747066492829206, 0.7275097783572361, 0.7666232073011734, 0.7724902216427639, 0.7672750977835725, 0.7718383311603652, 0.7705345501955673, 0.7750977835723599, 0.8083441981747066, 0.8142112125162972, 0.8050847457627118, 0.8089960886571056, 0.8148631029986962, 0.8135593220338984, 0.8129074315514994, 0.8161668839634941, 0.8246414602346807, 0.8246414602346807, 0.8129074315514994, 0.8226857887874837, 0.8246414602346807, 0.8187744458930901, 0.817470664928292, 0.818122555410691, 0.8213820078226859, 0.8246414602346807, 0.8226857887874837, 0.8226857887874837, 0.8246414602346807, 0.8194263363754889, 0.8194263363754889, 0.8194263363754889, 0.8135593220338984, 0.8220338983050849, 0.8292046936114733, 0.8259452411994785, 0.8298565840938721, 0.8272490221642763, 0.8259452411994785, 0.8259452411994785, 0.8279009126466754, 0.8305084745762712, 0.8272490221642763, 0.8252933507170794, 0.8279009126466754, 0.8252933507170794, 0.8311603650586702, 0.8272490221642763, 0.8272490221642763, 0.8279009126466754, 0.8265971316818775, 0.831812255541069, 0.8311603650586702, 0.8285528031290742, 0.8279009126466754, 0.8272490221642763, 0.8292046936114733, 0.8298565840938721, 0.8259452411994785, 0.8279009126466754, 0.8279009126466754, 0.8272490221642763, 0.8252933507170794, 0.8259452411994785, 0.8252933507170794, 0.8265971316818775, 0.8252933507170794, 0.8252933507170794, 0.8252933507170794, 0.8265971316818775, 0.8259452411994785, 0.8259452411994785]

batch_size = 20
learn_rate = 1e-4
epochs = 100
TYPES = ["Caps",
         "Shirts", "Tops", "Sweatshirts", "Jackets",
         "Trousers", "Jeans", "Shorts", "Track Pants", "Skirts",
         "Casual Shoes", "Sports Shoes", "Flip Flops", "Sandals",
         "Backpacks"]

---------------------------------

[0.3852672750977836, 0.4348109517601043, 0.43546284224250326, 0.43546284224250326, 0.4980443285528031, 0.5143415906127771, 0.5169491525423728, 0.5397653194263363, 0.5384615384615384, 0.5391134289439374, 0.5436766623207301, 0.546284224250326, 0.5482398956975228, 0.5488917861799217, 0.5488917861799217, 0.5488917861799217, 0.5501955671447197, 0.5501955671447197, 0.576271186440678, 0.6134289439374185, 0.6179921773142112, 0.621251629726206, 0.622555410691004, 0.6245110821382008, 0.6277705345501956, 0.6264667535853976, 0.6297262059973925, 0.6297262059973925, 0.6303780964797914, 0.6316818774445893, 0.6323337679269883, 0.6342894393741851, 0.6349413298565841, 0.635593220338983, 0.6336375488917861, 0.6349413298565841, 0.636245110821382, 0.6382007822685789, 0.6388526727509778, 0.6382007822685789, 0.6395045632333768, 0.6401564537157758, 0.6395045632333768, 0.6388526727509778, 0.6375488917861799, 0.6395045632333768, 0.6408083441981747, 0.6408083441981747, 0.6388526727509778, 0.6388526727509778, 0.6395045632333768, 0.6375488917861799, 0.6382007822685789, 0.6382007822685789, 0.6395045632333768, 0.6382007822685789, 0.6388526727509778, 0.6375488917861799, 0.6382007822685789, 0.6382007822685789, 0.6388526727509778, 0.6388526727509778, 0.6375488917861799, 0.6382007822685789, 0.6395045632333768, 0.6375488917861799, 0.6375488917861799, 0.6375488917861799, 0.6375488917861799, 0.6382007822685789, 0.6388526727509778, 0.6388526727509778, 0.6382007822685789, 0.6395045632333768, 0.6375488917861799, 0.6388526727509778, 0.636245110821382, 0.6375488917861799, 0.6388526727509778, 0.636897001303781, 0.636897001303781, 0.6375488917861799, 0.6382007822685789, 0.6414602346805737, 0.6408083441981747, 0.6408083441981747, 0.6414602346805737, 0.6414602346805737, 0.6421121251629727, 0.6421121251629727, 0.6421121251629727, 0.6427640156453716, 0.6427640156453716, 0.6427640156453716, 0.6434159061277706, 0.6434159061277706, 0.6434159061277706, 0.6434159061277706, 0.6434159061277706, 0.6434159061277706]

batch_size = 20
learn_rate = 1e-5
epochs = 100